7672 125
0 63 2960
1 41 4387
2 62 2275
3 114 3721
4 113 2947
5 52 58
6 86 3828
7 123 2818
8 53 1504
9 6 2724
10 50 1879
11 3 3323
12 10 1285
13 79 104
14 122 3675
15 102 1165
16 22 379
17 16 3818
18 35 1902
19 71 725
20 89 512
21 79 1487
22 65 663
23 44 1645
24 21 2423
25 9 3876
26 115 3554
27 90 3969
28 34 2254
29 86 183
30 31 3375
31 74 4754
32 43 3423
33 76 4980
34 58 3395
35 115 2566
36 110 672
37 43 626
38 73 1949
39 20 46
40 72 3435
41 59 1324
42 116 203
43 72 4903
44 4 1470
45 46 4800
46 101 2171
47 16 762
48 32 4724
49 54 627
50 84 1834
51 3 1796
52 51 2155
53 114 2411
54 101 3496
55 17 4623
56 99 4252
57 121 379
58 41 482
59 103 3895
60 38 3894
61 93 2835
62 6 4223
63 122 693
64 46 4379
65 51 3093
66 100 1148
67 35 2471
68 6 617
69 87 4129
70 67 3352
71 101 710
72 36 4818
73 92 1474
74 70 824
75 77 3519
76 30 3109
77 6 519
78 102 307
79 114 1483
80 92 1643
81 60 3139
82 74 271
83 59 151
84 41 875
85 10 3725
86 46 3411
87 96 2380
88 72 4238
89 118 2393
90 28 972
91 44 88
92 21 699
93 81 1437
94 41 2904
95 64 1571
96 43 469
97 79 1109
98 20 4758
99 40 1363
100 86 744
101 55 3728
102 91 1115
103 72 2977
104 47 775
105 64 1040
106 0 1214
107 101 3114
108 78 4641
109 48 2061
110 99 4413
111 37 1438
112 116 3967
113 71 2467
114 116 166
115 79 1908
116 94 1128
117 42 1783
118 94 4448
119 35 4045
120 74 2390
121 63 439
122 107 151
123 103 4148
124 59 4838
10 107 462
45 1 1997
69 71 1323
27 32 3137
109 72 2399
38 21 2893
31 96 2381
23 56 1737
55 107 2073
68 23 2944
59 14 3844
39 76 4433
78 54 2437
1 49 34
9 67 2772
108 18 2683
12 105 950
28 99 4593
32 115 229
79 100 2299
62 41 1235
57 65 3152
32 33 1276
31 112 4687
93 2 108
115 35 3045
104 15 267
17 15 1038
70 37 2436
56 26 2953
87 90 4965
77 105 297
17 39 1239
67 21 3336
72 59 4909
40 115 911
99 105 580
101 71 633
56 70 4935
26 100 3980
123 105 4644
61 110 3655
105 8 2599
97 80 388
6 17 1171
51 70 2033
68 71 225
74 123 3019
77 73 3807
27 90 4069
9 111 1842
19 105 1656
34 22 4216
95 81 1283
86 13 1893
63 0 2091
0 101 755
43 102 2296
40 65 4871
103 2 1930
45 105 19
44 113 703
31 41 1649
81 45 4088
101 82 500
34 108 3823
84 19 3638
120 41 2644
12 26 1630
78 31 1807
2 18 2864
76 69 1672
53 74 2711
78 58 870
53 86 4827
115 10 638
9 33 1743
63 43 2237
76 62 2623
95 33 2720
67 60 2469
73 19 2304
104 96 3237
27 12 215
64 52 3867
44 29 3658
123 30 1048
96 26 1482
117 13 270
27 84 1544
85 38 2935
87 3 4601
109 79 201
31 115 3184
103 19 1617
31 68 3081
67 13 3866
70 56 67
93 115 383
78 40 1130
72 20 532
115 101 4456
61 76 4952
74 7 414
13 48 2607
102 43 4794
102 93 3273
122 95 4228
14 12 3622
16 18 1244
55 84 1716
47 119 4294
36 7 1408
105 65 331
34 70 4700
81 101 4415
74 75 3754
84 49 1716
25 118 1198
5 75 1305
58 97 3810
43 111 614
7 106 4025
113 52 2781
101 104 4239
35 62 1395
108 109 3554
79 108 4906
120 104 1911
92 114 2202
11 72 2017
60 41 3715
113 8 1537
118 100 4992
35 69 4360
63 60 2020
8 87 3781
2 22 184
116 49 2222
2 124 2580
104 29 345
54 83 951
0 40 47
73 84 3481
59 47 422
54 22 4661
103 27 4743
4 70 2791
35 70 1443
18 105 1472
123 63 103
36 63 4354
68 63 3608
24 64 4315
82 120 2503
68 75 1678
61 96 2741
97 94 3550
27 119 1773
80 53 348
75 97 4964
103 102 1614
102 85 4373
72 61 2367
19 52 1485
53 25 4423
83 9 3849
37 6 783
47 115 2537
14 64 3504
47 48 163
12 121 3997
103 22 633
38 31 2504
54 58 2865
58 99 431
6 58 3600
124 12 3647
28 72 248
71 79 1254
53 73 1574
73 74 1552
67 42 3381
26 21 1214
45 30 575
42 124 2996
63 7 3216
56 124 2156
115 0 3076
117 103 2025
77 120 226
57 18 1694
54 94 3105
63 105 4157
104 12 2609
15 121 1407
68 114 1119
49 97 3453
27 61 817
102 46 273
38 91 2162
116 18 1762
71 28 1606
65 114 3599
54 14 644
115 6 2064
109 56 3419
34 93 327
83 105 3102
113 88 52
10 110 2346
103 92 1953
49 88 4341
94 64 4390
124 51 3479
6 15 2334
89 111 4205
73 33 2092
53 107 4701
56 68 1895
86 50 3135
89 29 4448
58 77 1181
74 96 2854
3 0 635
53 107 2949
53 20 403
59 67 2789
49 64 237
69 65 2458
109 0 1335
24 21 1314
17 36 2500
9 72 4522
52 41 4828
37 25 3617
102 83 439
55 109 138
78 58 38
56 4 4105
37 47 1353
1 21 2291
102 19 2160
64 75 2747
28 65 2559
81 0 3914
107 35 1380
74 47 2431
121 41 623
112 34 773
55 21 2343
73 5 4329
108 74 3
117 30 2536
22 72 3676
1 106 4564
119 97 55
70 120 3833
2 93 1696
28 110 4181
25 58 4712
67 110 176
13 33 431
78 93 3578
37 9 3174
92 0 1098
79 104 917
101 102 4371
46 119 3675
19 120 2766
118 98 4855
1 39 1641
36 88 1612
9 21 2625
82 55 1563
68 100 1678
42 83 2768
27 30 3759
95 53 3398
48 2 2637
104 124 231
42 64 114
34 112 2877
35 27 451
24 29 3069
2 34 3655
41 74 4614
94 10 1340
36 87 176
123 40 4767
46 78 1992
119 53 4258
18 11 2974
93 7 1722
62 68 3120
86 93 307
15 109 4954
98 25 4010
111 96 1182
20 21 1322
40 107 1544
113 118 3718
110 24 1567
89 4 1168
13 20 616
75 6 229
69 7 1261
78 34 515
111 62 3816
17 116 1261
34 116 1804
82 86 1319
29 87 2790
35 113 148
77 124 4790
109 18 1684
65 7 1804
116 84 2750
39 102 4418
103 27 1264
38 35 2820
121 58 2911
82 87 4369
41 18 4213
45 107 2999
10 84 1459
93 48 3625
77 23 29
67 45 1304
104 48 963
5 54 102
37 111 1164
18 37 4567
13 93 3578
36 103 2862
99 30 78
118 110 2507
6 121 1320
82 5 1707
107 23 1570
71 106 2808
31 59 2805
7 67 1703
64 101 471
12 122 2162
110 75 2410
28 104 787
8 91 1069
64 19 2240
47 84 4348
98 79 4649
121 7 3270
123 38 4452
70 110 4698
124 123 3891
74 35 3014
118 31 1018
91 116 560
45 52 699
49 20 4272
24 22 2025
17 28 2324
106 52 837
34 91 4442
69 8 1518
93 74 3048
76 71 331
118 79 4923
76 88 3303
95 55 2544
0 34 2039
18 87 3235
55 19 102
27 92 431
113 24 3262
31 33 2315
119 73 2924
62 17 1636
20 80 555
119 71 1118
59 112 897
42 116 329
98 113 1394
14 3 2064
114 46 3409
89 52 831
82 101 4303
23 41 709
79 99 2057
71 95 4163
87 95 3694
23 27 3188
41 98 395
56 30 2733
90 92 4068
118 70 1708
38 70 2199
12 111 3490
29 35 630
110 62 4719
55 124 1962
93 117 2591
33 117 3377
27 82 2214
81 92 4851
90 109 1297
108 24 18
57 89 3236
112 84 988
16 104 2370
70 25 2463
4 13 3191
29 36 3087
82 105 998
45 109 1342
114 109 3204
84 73 970
75 0 2446
123 42 1333
50 80 121
68 111 1627
45 105 1451
27 40 4793
111 86 1624
8 74 1567
109 71 3334
118 11 4155
107 65 130
90 100 2432
103 1 3080
102 89 480
44 25 2641
88 59 4318
79 71 3349
4 76 1056
6 40 218
123 118 5000
36 7 4381
16 77 570
61 0 4314
96 9 2979
122 65 2357
23 92 1863
75 20 4728
70 113 2914
108 66 706
82 48 4548
9 52 2482
3 94 286
25 117 4951
10 91 4388
59 48 2924
110 104 1800
14 52 1729
102 8 4013
55 82 1893
12 16 2030
107 2 1240
108 62 4673
8 20 4116
73 12 1299
26 13 648
38 67 505
0 53 3794
61 108 842
54 122 3744
114 76 1325
19 8 577
96 38 3980
90 76 2082
123 75 4120
1 74 789
33 88 1855
112 52 3076
30 5 554
80 70 408
73 120 2738
81 122 2229
29 84 1133
38 26 4316
88 8 1919
29 43 259
65 107 2628
76 18 3028
61 12 673
35 75 4956
61 56 4737
55 105 4965
17 45 3401
66 20 4512
21 5 2713
45 84 4012
62 97 1305
4 74 2672
69 63 1078
84 117 4552
55 23 2717
48 20 2885
94 16 2924
106 13 3370
120 15 4039
9 17 387
53 108 3217
95 50 3308
2 29 3263
46 91 3646
33 63 4550
28 49 4280
31 68 1453
52 77 1269
48 12 628
119 27 3958
67 83 1764
123 81 1502
1 119 2523
68 92 3828
95 3 4478
50 45 699
20 53 2511
12 39 1690
104 15 2531
75 124 125
84 43 2884
113 47 1022
121 78 2719
78 17 504
106 9 719
53 106 1611
98 20 3600
37 26 4606
5 99 4472
4 65 2410
98 52 2285
25 5 3366
66 99 272
94 110 2425
26 97 3820
73 72 3139
16 35 3983
17 114 4297
78 31 4579
1 78 120
118 42 3598
8 89 527
46 73 72
78 98 4046
3 118 3565
79 52 4438
97 70 4619
116 37 2077
13 91 407
98 0 2582
6 88 1518
25 47 1454
22 2 1578
93 1 4644
113 44 2136
84 72 4489
30 63 187
118 28 3483
19 25 894
55 70 2940
114 32 898
95 85 1891
122 44 4059
54 28 957
78 57 274
85 93 4697
12 76 4386
66 61 74
13 44 637
119 26 4135
108 33 1665
87 88 157
122 104 237
27 2 1924
96 102 2841
17 50 4005
7 42 3742
35 104 445
45 50 2452
18 5 194
39 29 3138
91 6 4941
26 89 4750
87 103 280
112 47 4141
15 39 555
65 52 1016
14 10 4592
13 97 883
45 50 1315
31 80 112
62 90 4850
55 36 3071
6 65 415
16 76 1349
24 42 375
29 80 2598
72 42 1038
90 86 538
39 60 469
4 3 2267
107 78 4933
15 10 2609
32 81 1179
94 95 4780
33 50 2900
93 66 4611
121 75 4736
7 109 1165
74 33 3420
21 18 2909
85 29 2990
40 30 1260
49 112 1783
119 13 2877
75 102 220
84 36 4445
79 42 3823
47 34 510
46 42 1515
100 107 4311
59 5 1523
34 43 2472
92 54 4624
73 32 3583
3 93 3598
78 25 3571
68 51 43
64 66 3875
4 48 1561
72 74 4766
89 35 3566
97 26 266
44 37 3828
54 89 699
118 69 1618
98 88 4723
27 47 4609
15 93 4342
121 20 4470
113 57 3995
59 35 4361
119 124 4959
23 118 176
10 79 3243
95 24 2642
37 104 1980
39 42 304
95 19 1457
46 38 584
28 95 2610
31 88 2522
3 31 2262
56 27 2762
9 6 213
73 116 4436
111 42 625
67 120 3984
92 63 4782
110 15 425
8 93 4418
73 0 2459
118 114 1741
23 49 957
55 21 18
48 104 4884
91 50 1632
66 92 336
83 16 2313
17 90 1513
117 30 2555
104 20 3791
79 46 2687
1 102 125
78 10 2744
120 59 201
57 74 4544
81 67 2599
119 18 1393
10 81 2454
14 32 3050
72 7 597
20 33 1716
57 96 1918
101 95 1905
0 15 3073
39 87 3831
75 69 3816
34 6 2990
60 14 3812
74 37 4212
32 81 2418
36 38 4291
74 35 4930
115 35 999
60 19 4888
13 103 3042
10 92 1325
102 10 1278
33 95 3775
55 57 1246
100 112 4157
21 83 3024
16 68 1172
81 11 1602
94 103 2800
16 67 2817
47 23 1943
114 108 1530
31 100 46
13 95 2013
38 95 3173
31 123 2159
33 114 1087
52 103 1868
98 95 4974
118 5 695
64 8 2736
2 12 3150
6 106 2412
47 15 4533
78 42 2251
97 4 199
78 19 3957
58 84 2237
65 109 1790
30 9 4260
99 62 4425
53 37 4226
76 16 1607
117 6 1846
5 33 1038
45 106 1667
26 116 861
58 106 551
31 122 2972
28 109 1860
88 42 865
119 36 3603
87 105 1860
105 112 858
36 86 1150
95 1 2993
101 85 4622
45 61 4553
57 48 670
30 21 1746
13 55 163
89 94 2001
24 60 3111
54 102 2946
5 42 4990
45 96 4175
115 84 2629
56 32 1789
38 51 1714
9 91 3984
82 32 865
3 88 340
71 12 1519
108 25 220
108 79 2809
6 92 3488
86 31 1038
89 3 2936
5 10 489
121 65 958
4 90 2367
37 8 716
59 105 3034
9 44 933
19 15 4608
103 1 1791
57 93 393
107 29 1739
12 73 1312
78 106 3832
27 4 426
75 67 2975
58 8 3531
88 12 1175
42 45 3870
5 36 2323
123 17 4208
67 109 4739
97 98 202
115 24 1600
105 91 3329
116 115 3941
29 22 1057
58 76 3543
121 25 1011
20 99 1573
98 23 4476
0 101 997
117 65 3118
107 87 860
11 77 3520
98 124 3327
73 94 421
65 95 491
106 91 1641
72 56 3046
109 12 3577
59 79 4418
69 25 1101
71 102 4453
89 117 2875
60 43 4195
26 112 595
96 73 745
109 17 1560
37 108 2248
8 45 4692
34 38 3641
106 13 4537
39 79 3578
116 30 2690
101 40 727
66 26 3483
94 122 1268
39 80 4047
53 104 4197
74 97 2324
57 66 3368
25 60 312
8 38 1571
93 105 1430
58 53 3768
118 8 4908
82 6 3296
75 81 3855
10 54 1872
26 5 3719
112 65 2824
24 7 1433
23 116 4202
4 69 1611
18 112 3358
21 46 1295
43 61 2674
35 98 1112
41 43 3730
64 46 2234
61 15 4004
76 89 4642
115 26 284
3 102 1106
28 78 3643
16 101 1972
40 8 3833
54 111 524
53 24 1973
94 16 2216
28 39 3068
1 109 3191
85 119 3966
91 50 2959
33 52 1024
58 87 2635
113 39 2900
93 89 1118
119 110 1374
61 0 1827
57 32 409
120 55 812
53 102 2761
39 104 1132
109 95 964
88 27 4597
75 103 3923
87 23 1355
116 55 3389
110 1 2653
78 117 3662
62 51 3501
96 23 1983
70 16 3256
35 36 635
114 111 1557
53 106 1353
48 63 1836
99 36 2788
34 105 2339
122 22 3111
68 57 197
113 119 2975
117 116 4334
16 18 1843
0 113 2506
76 1 4935
94 13 1823
97 47 646
8 110 2514
81 88 4858
111 60 2414
101 19 3385
80 20 511
25 49 613
52 55 2265
68 101 919
78 5 2633
58 83 2994
91 109 2021
7 77 4426
21 102 420
9 39 678
113 68 3281
122 96 4043
80 40 2036
85 54 3758
113 100 841
67 62 4262
79 23 2959
48 83 339
30 69 3760
95 35 3654
34 41 242
113 69 2199
91 70 137
52 80 4301
66 75 472
69 66 2758
39 103 2295
103 68 215
110 69 3279
49 124 3008
98 29 2978
123 72 3407
119 59 549
86 68 3989
95 25 2573
7 27 4578
33 31 4779
69 55 1309
12 54 270
105 102 1000
37 104 2608
84 102 704
19 10 2164
69 78 2524
50 42 2488
30 66 343
9 58 540
48 87 3994
71 50 3034
93 82 4310
7 111 1722
115 100 2564
122 35 1148
36 43 2910
113 25 1729
91 54 4322
117 110 3878
22 117 4617
105 75 698
71 77 962
46 70 4560
86 40 1002
75 72 1100
5 24 109
97 75 3312
116 57 476
94 96 4993
116 50 1786
92 58 4059
106 115 853
47 29 4684
0 64 1152
79 68 2644
48 117 4973
89 24 110
107 62 2576
84 6 4291
100 120 702
93 120 4231
19 114 4317
32 12 1958
11 63 4766
124 121 1559
37 18 295
2 64 3662
54 64 3644
57 43 1428
36 5 1376
110 56 3140
124 110 1650
47 20 4299
19 99 2684
32 38 2093
80 98 859
76 101 1363
9 96 2827
121 5 3379
32 21 2022
38 77 2688
104 98 513
46 35 1453
55 7 2281
25 64 4725
122 86 400
32 86 3153
74 5 897
50 80 453
11 117 2676
22 114 2632
57 74 2353
47 81 1003
55 31 367
34 98 3546
94 47 1722
64 55 2223
94 87 4935
11 88 859
110 63 2819
89 5 3339
48 65 405
95 110 2878
85 13 1432
109 7 3302
18 32 975
55 61 2664
84 79 3895
68 91 4929
78 34 553
115 6 599
105 116 3457
47 8 3855
77 57 1575
50 90 2155
88 14 1871
62 94 1521
19 53 2646
115 122 1581
58 57 2582
18 23 4106
29 100 549
3 83 4479
15 6 4628
83 2 3248
52 99 4558
13 18 3740
34 39 3995
101 81 1716
89 24 410
62 104 1448
56 24 2430
96 97 1386
90 66 3892
19 115 2746
13 27 186
17 100 708
108 83 1508
34 36 3729
73 112 3871
97 105 611
17 119 951
19 27 3916
96 8 3183
69 33 3199
88 75 2045
52 57 2429
79 35 3158
109 7 113
93 13 4556
55 74 2968
116 104 803
26 63 4822
72 56 4243
122 50 1176
72 74 3182
75 47 4574
48 31 970
55 74 2178
39 5 3155
0 105 4645
40 61 2552
39 74 4197
72 12 2062
62 61 2320
36 123 4605
66 114 2633
16 9 1544
94 65 1020
103 11 1402
77 55 519
71 98 3337
11 116 4579
6 104 4518
83 5 1433
37 73 935
63 69 2463
124 106 3211
102 93 779
3 117 2934
8 31 3428
83 57 4464
27 79 1513
65 80 4280
105 90 458
4 19 2490
109 84 2406
51 114 1181
101 7 4960
120 108 964
89 16 3390
15 87 776
103 11 3266
124 54 2579
24 33 4291
18 81 1862
66 25 3055
20 29 2911
50 63 2507
9 64 1253
13 73 4754
47 54 3187
79 92 658
65 107 855
101 25 3876
81 94 4116
93 86 3967
123 99 658
109 19 2818
93 17 3850
38 23 187
68 65 3199
102 46 1199
90 32 621
95 76 1844
104 13 1430
74 40 332
46 9 3852
107 48 3235
30 75 3855
37 13 3309
41 15 3643
113 72 1507
85 92 2644
29 51 1136
104 87 2091
55 16 1410
22 46 3119
10 122 3689
50 63 3935
100 122 4740
49 87 3006
4 5 3193
15 63 4427
122 74 37
33 70 1654
87 34 2184
51 23 1504
20 98 4910
53 62 1327
67 74 2767
20 103 4510
121 44 1995
45 14 4188
55 1 1651
62 22 4865
20 5 283
27 83 1638
82 45 3542
27 10 4320
36 38 74
96 117 2737
62 114 2855
40 88 2250
86 80 683
104 53 1864
114 2 3452
60 7 4883
81 111 1232
102 120 2869
84 121 3237
68 96 1285
78 76 1854
72 30 3196
116 36 1996
54 72 3306
48 88 988
58 70 745
65 95 4
44 23 1161
10 110 1924
40 59 3118
40 64 4104
36 112 1151
75 37 3189
121 123 4802
39 89 389
32 7 4433
58 101 2263
63 104 207
92 112 2953
110 58 2967
78 70 3040
1 97 4835
50 16 1860
41 108 2915
19 59 4454
92 109 4721
89 123 1406
28 18 706
83 62 693
118 72 793
109 11 1115
79 110 3211
68 112 3186
74 36 4454
82 56 797
59 81 4830
87 111 2464
58 25 3359
21 91 1944
47 56 2495
4 70 2490
95 62 4584
109 73 99
40 93 4148
46 35 3154
59 108 2634
50 91 3484
38 124 1699
102 25 1913
28 116 1184
90 55 1660
12 42 1271
100 8 455
110 50 3068
31 98 2437
55 19 557
69 13 4244
103 30 4266
97 17 4192
8 85 26
85 87 1623
23 80 1323
45 25 4515
100 43 3984
78 7 4263
30 38 4477
86 1 82
88 28 1953
102 22 2688
7 84 3944
80 81 388
88 32 3171
34 36 4207
47 52 2109
71 10 2025
10 52 2981
77 102 2777
75 95 3419
116 108 2554
23 33 2832
30 9 4016
92 113 3682
30 34 4153
22 8 890
123 50 4910
62 61 644
64 97 10
45 109 3888
14 36 4366
99 8 4681
75 118 1857
76 44 4642
48 21 1200
8 92 2570
59 57 1709
71 116 3364
29 6 1893
91 73 1560
103 59 3876
57 119 1730
53 85 4156
100 23 3398
6 30 496
51 116 179
74 120 4796
98 106 2140
70 62 2546
98 30 4538
47 61 3914
105 45 3182
64 74 2525
82 95 4489
90 42 4012
120 115 2413
103 1 2382
21 66 2583
119 99 3269
74 56 1684
97 65 2778
59 27 4340
115 80 947
57 97 214
68 7 1912
19 65 1530
83 15 3728
5 52 4630
64 16 4280
47 113 3206
54 50 1309
49 57 4064
92 71 1523
98 31 1928
35 111 4797
41 114 1831
2 43 1276
22 67 2696
12 80 2096
0 27 2262
56 43 3486
0 6 3651
89 102 2693
20 85 1090
36 103 3335
90 48 4884
33 56 1925
78 114 2152
2 111 1924
36 108 54
108 17 597
84 69 1756
20 55 2255
118 70 2672
3 76 2720
106 1 1216
47 77 4619
73 45 2033
120 57 3032
48 5 1235
88 8 1355
69 92 2674
75 101 1880
54 88 2667
8 39 1728
45 97 1264
59 19 4614
52 89 2012
28 100 1540
12 17 2550
66 92 3427
67 34 2921
24 15 3850
5 77 1160
67 55 1999
63 117 714
33 38 761
115 90 3667
113 4 4845
43 51 3079
86 76 1861
109 61 1784
103 69 2881
53 38 3526
12 41 2484
9 28 2517
82 56 769
3 0 266
7 97 2006
47 43 781
67 17 3546
84 16 2277
57 82 3113
91 113 2374
41 70 2564
111 24 127
88 36 2
94 118 1300
23 16 1008
108 69 463
65 2 3799
119 81 4861
38 85 712
56 53 2450
93 0 4564
71 2 3822
12 2 14
78 27 4442
75 1 3980
35 81 2756
91 40 4280
45 39 1321
88 80 4706
111 84 565
75 33 3916
96 12 950
63 49 4768
33 92 1983
28 56 4808
76 104 2775
105 124 383
115 1 3905
26 66 3789
70 120 4880
63 20 3359
0 18 474
10 76 2356
108 85 4844
52 117 3520
119 3 48
3 92 3568
97 59 1066
80 98 241
88 19 3794
51 116 1958
39 91 625
104 83 2384
82 113 1791
6 19 4058
103 99 1136
26 76 2791
12 28 3252
44 55 782
26 92 1259
108 57 2759
92 71 4380
24 81 3103
84 69 2912
86 22 299
120 110 1255
50 45 3180
26 28 2294
40 100 655
44 122 4392
24 92 4623
67 8 4368
50 88 4672
29 53 2509
45 107 4194
38 44 2975
65 91 2952
55 15 1117
102 101 3119
22 7 840
84 101 1803
111 67 3571
72 0 2437
2 111 1658
1 55 3007
106 122 2450
91 13 1149
34 41 660
124 58 2608
114 94 1106
40 1 3925
88 49 3837
79 93 4135
13 24 2710
71 59 1791
83 19 2815
101 68 951
7 40 68
3 62 4234
63 20 1963
12 28 1643
60 37 4897
123 107 4628
72 25 3671
60 44 1592
16 74 1683
6 9 460
52 44 4229
115 80 400
35 24 4688
2 99 4359
7 101 4260
115 94 4969
94 92 2894
114 122 3301
59 17 4136
60 14 2273
88 10 3189
20 54 22
38 63 4013
112 82 1624
43 99 1379
84 69 109
13 73 4875
80 30 123
109 32 1966
100 17 704
21 100 1897
20 26 135
80 40 3481
15 3 960
54 97 2498
39 76 90
108 6 2447
34 111 1858
67 48 2971
20 37 3963
98 26 400
15 118 500
13 69 713
18 52 4891
68 102 1811
107 11 3756
39 100 2433
113 122 2677
92 32 2883
41 71 1445
14 11 3600
7 67 3667
32 111 4964
95 80 1098
102 14 2444
108 70 1963
29 106 2008
21 94 3487
44 92 4306
51 28 2225
39 24 462
27 117 2477
30 123 106
38 88 2501
30 60 4603
23 111 638
48 113 2481
20 55 1088
11 25 4883
69 61 4873
18 103 3014
39 38 1026
54 43 1593
15 11 2791
105 73 623
58 37 3935
79 31 3550
101 6 3007
94 93 2740
115 28 3467
46 109 3847
122 68 4558
1 36 780
12 6 539
25 23 2026
100 7 330
88 116 1263
85 82 4197
94 86 1035
93 110 648
111 53 2484
48 93 1161
25 114 2794
52 17 1572
88 33 4341
111 114 1833
19 31 2807
86 118 577
92 62 3176
118 48 3758
20 33 4409
8 100 1384
15 53 4519
17 91 1677
16 49 3620
51 56 2325
36 38 2099
17 116 2194
63 38 4673
6 7 2848
94 14 4308
117 8 243
52 70 3258
124 121 777
27 44 4452
1 0 4935
33 28 4142
92 26 3775
29 78 1846
114 45 3119
96 12 395
122 31 3409
93 40 4105
113 17 1460
23 62 3562
4 2 3941
41 87 33
71 18 1619
50 54 2999
70 98 4241
103 60 4240
118 95 3614
121 8 33
27 76 4584
78 114 4857
124 104 2676
116 56 1159
103 114 4327
11 97 2101
52 65 4043
109 119 2636
66 0 2215
74 121 4410
22 91 380
58 116 685
27 116 4965
76 102 2921
12 11 3600
61 25 1792
10 87 3991
35 37 2016
52 63 3529
87 62 279
53 113 937
26 59 1160
114 77 1274
99 69 2542
42 10 2041
44 23 2367
121 19 4194
15 71 3338
51 53 751
63 35 1464
78 7 3630
16 60 403
99 8 864
15 111 2842
94 92 2399
88 63 2683
11 83 2443
110 19 3191
7 74 2484
60 109 4535
68 54 2085
22 96 2838
101 57 104
110 93 1182
114 67 498
76 34 3395
87 95 205
27 56 4560
19 48 1741
80 95 1045
66 76 1842
92 40 1905
65 59 289
69 67 4545
64 111 4523
87 11 4150
101 45 4831
78 114 2438
67 98 2440
79 80 775
108 114 4882
80 101 169
7 51 408
103 13 3807
59 16 3656
19 13 970
86 100 2533
106 55 2152
5 24 4371
89 60 759
49 57 3515
119 121 2107
114 89 1633
21 52 3063
103 73 3949
88 82 294
87 80 3480
108 112 3872
119 64 4653
80 74 4256
89 1 4801
65 109 1987
1 92 4218
118 14 3681
120 18 1301
41 70 678
89 39 3811
85 16 300
113 41 936
94 101 1627
10 66 730
37 48 109
64 24 295
42 59 4822
45 1 827
83 92 3891
110 71 822
114 93 1315
7 104 255
68 50 1948
105 55 4077
64 10 1539
117 43 3424
118 78 982
39 107 4780
22 23 984
102 41 1509
35 3 272
116 46 510
60 118 1748
84 20 2327
93 34 264
57 123 1179
65 108 3657
117 45 2444
95 112 3863
105 81 2074
67 118 2269
106 78 1171
43 8 938
99 7 3412
10 36 2970
7 89 3466
26 47 3799
119 104 2876
93 17 1166
79 51 2624
93 6 2895
0 97 3337
115 8 2669
116 82 464
95 117 1064
74 22 2621
86 5 1430
47 106 3936
80 5 788
120 123 2475
3 82 1157
86 18 2637
76 2 3073
11 60 500
121 93 355
65 50 3320
86 22 2976
10 56 4362
54 6 116
33 105 126
45 15 3657
56 26 3350
9 59 3416
19 104 2607
27 72 4797
19 62 386
112 69 3955
8 21 2914
91 74 1207
101 64 4264
36 80 3456
103 43 2091
0 88 3169
65 92 2232
22 13 3638
64 51 983
36 33 1413
111 23 801
92 91 1261
42 34 2667
0 96 4715
47 7 3199
76 107 2625
61 101 492
42 22 1735
97 37 261
42 13 5
89 83 636
71 37 3048
37 91 511
11 94 3211
120 81 2495
88 76 1729
109 117 2290
13 9 176
89 4 174
38 72 4315
122 92 2063
28 90 413
1 50 4114
104 4 3267
81 5 4613
76 23 1196
62 46 3901
87 121 1599
98 31 166
41 107 3184
28 116 645
77 11 367
77 109 1556
61 77 2665
86 0 4465
69 48 635
96 45 3076
96 114 1318
76 11 4384
102 33 808
63 84 4667
118 24 4795
86 58 2767
113 17 159
30 105 4783
97 56 390
60 92 2787
38 66 215
115 70 2201
93 84 621
70 51 1039
63 12 1362
106 68 809
10 0 786
71 108 4328
54 29 1334
75 51 4626
30 63 690
58 42 422
73 117 4198
67 89 647
24 9 4675
48 1 4309
15 41 1848
80 36 1141
47 76 164
65 58 540
109 104 648
78 3 3986
60 12 4385
14 79 3917
57 100 765
123 17 69
98 88 3400
57 34 806
23 49 298
124 107 184
34 15 342
64 42 918
93 100 2200
2 118 2499
112 76 310
71 43 1579
69 18 2331
122 9 3841
3 90 402
43 123 3515
66 120 1027
44 60 240
61 115 4139
86 124 2505
43 110 987
31 82 1396
10 13 982
47 82 929
124 2 3239
98 39 3821
29 118 4408
24 12 790
95 69 754
104 86 4802
70 104 1820
64 25 1076
84 51 334
115 44 869
53 48 4490
28 122 4969
30 16 4481
77 90 240
46 124 4219
21 3 4249
36 17 2868
10 104 599
79 20 2210
87 58 2977
62 93 61
45 39 1151
53 120 3382
26 19 3987
30 20 255
112 36 2623
42 111 2845
92 57 3035
124 83 1745
60 106 3982
51 61 3771
40 2 1272
49 32 3061
40 108 4092
25 118 148
66 15 3847
84 87 1170
85 32 2172
116 16 1334
6 54 731
54 29 4917
40 109 1697
74 11 307
68 10 4745
16 122 2939
39 116 1256
117 95 1429
51 30 3027
2 75 3538
23 24 310
36 72 1163
66 40 1850
110 93 4377
18 80 1043
58 102 4332
75 103 2640
13 1 837
104 8 4335
86 65 1058
54 83 3102
56 86 4390
110 115 2747
48 61 2425
91 15 4531
96 27 4897
103 117 2841
0 62 2848
73 35 4845
81 69 792
103 58 1056
19 40 2735
27 70 109
68 6 4439
82 111 3578
6 41 1569
75 95 3357
8 106 121
117 98 616
29 70 4636
40 56 2084
88 58 59
17 19 4600
68 116 4416
108 106 1317
123 19 3782
48 90 133
11 71 1653
29 18 4259
76 75 4115
99 65 2631
106 2 433
115 4 297
121 64 4362
100 39 3115
72 51 656
52 108 2249
83 88 2396
99 104 2886
81 35 4308
24 17 2658
66 103 3267
78 76 1957
2 43 782
48 31 2087
43 123 2199
73 9 5000
119 109 334
119 18 2765
43 45 1922
54 4 1248
74 89 3065
73 68 1908
103 97 1646
11 26 1133
96 46 1625
53 25 1002
38 85 3765
106 23 3348
64 13 306
50 89 4283
30 29 2569
74 34 3928
19 35 3961
16 10 948
18 50 3550
103 23 520
63 91 431
113 72 554
112 91 342
55 7 1737
22 101 1504
48 108 2662
111 118 924
84 117 1461
86 4 4565
42 57 3595
3 29 4322
97 16 3075
48 21 1601
60 90 1434
54 17 2919
92 82 2159
52 72 1426
34 92 2572
67 119 883
44 2 37
45 113 2086
70 79 4265
119 3 4030
66 117 1161
17 59 2969
103 19 2737
40 54 3209
61 16 2106
30 73 348
8 70 656
59 4 2522
6 99 4240
27 67 4744
105 41 1230
51 119 814
3 39 1603
81 85 1588
89 43 1199
81 77 306
9 123 3926
71 83 891
106 21 4984
5 6 2003
100 12 146
121 94 2242
73 96 3795
17 99 2975
91 59 135
65 12 457
113 118 2035
69 112 2116
32 21 63
3 75 2503
0 74 971
101 95 2960
12 122 4588
79 78 3348
77 47 4227
90 78 4176
27 11 2437
95 75 169
82 37 3220
117 13 3829
17 11 1869
47 117 2074
58 6 1182
98 123 935
83 84 1130
47 6 2278
11 8 104
66 26 4659
60 106 2732
20 53 1940
64 11 4222
31 122 2887
111 9 1749
36 1 2656
51 39 1725
98 11 360
37 77 1337
94 52 2230
20 53 2448
90 113 3197
53 41 1798
94 117 3868
57 26 2858
65 60 1094
81 108 405
97 27 3664
18 87 2648
54 11 831
49 99 4691
32 76 3438
87 50 1679
114 103 4325
111 80 2368
122 69 1623
39 19 4799
120 25 3936
100 97 318
65 9 1814
40 37 159
20 51 1747
62 64 2438
61 67 1260
9 68 1349
66 9 2083
24 29 36
2 19 270
57 32 3312
25 115 1996
11 89 771
80 66 4923
111 101 2820
75 8 1928
118 113 3993
20 22 678
55 39 2409
79 32 2475
22 115 4612
57 14 2494
29 10 3936
108 54 164
116 45 4320
38 47 1263
102 112 337
62 60 143
88 41 4399
62 37 2163
12 98 2237
76 1 130
68 88 4423
41 124 374
7 3 4815
104 122 3010
34 88 2996
37 95 4204
35 52 2290
112 75 1319
116 50 3606
45 0 3238
47 108 2086
27 105 1717
60 52 3886
59 120 901
98 61 4028
54 18 1540
16 59 900
87 63 398
25 38 1876
37 123 2667
25 32 4612
8 73 3871
18 76 4956
97 60 2105
101 114 434
28 56 785
65 112 2835
15 81 709
2 44 2483
56 26 1192
90 64 2749
41 83 4247
8 78 685
57 104 2103
56 12 4617
39 60 3854
109 113 1201
8 34 143
25 39 33
89 8 268
21 85 2511
23 12 1641
91 0 1514
64 5 4151
82 46 297
111 83 2442
3 53 4724
68 64 1545
90 123 2660
63 112 2623
67 59 3795
85 120 1666
101 79 3883
102 35 1961
5 62 1837
108 70 1708
81 36 4463
108 107 355
43 12 1230
77 51 4712
121 100 1579
30 35 1458
103 81 330
17 49 4536
63 49 1228
109 40 3549
52 27 1555
120 48 3093
22 118 4920
18 21 2325
109 41 419
18 5 322
29 97 661
60 97 3039
103 64 3787
29 14 4913
92 72 1477
56 17 1208
68 27 1292
77 58 269
39 85 1991
6 106 760
122 85 4348
85 61 1855
101 79 2226
68 18 1875
17 58 13
27 14 4973
45 16 2509
23 21 1660
82 50 2506
86 102 1952
33 113 3857
21 121 1099
5 96 196
112 51 4245
101 98 2346
100 103 3632
44 13 755
2 12 911
45 56 499
2 73 3184
100 29 4631
30 105 2091
19 14 1353
59 67 1552
100 10 3449
62 4 2452
17 27 3058
39 83 4041
82 123 3317
83 15 1952
77 62 463
108 5 939
44 10 2074
58 49 1755
59 23 1366
13 119 4437
50 58 348
18 36 4347
28 6 3452
120 49 715
122 56 1536
2 109 2292
78 101 1179
31 13 657
79 66 4601
79 7 837
19 38 3112
124 5 3992
116 81 2467
91 103 1395
9 80 4512
76 114 327
1 72 2054
13 21 2092
5 99 123
42 24 4556
104 38 700
68 12 3047
93 83 2600
115 45 187
38 83 2421
76 60 4515
124 22 2418
5 74 3079
58 104 1162
94 122 4949
68 51 2194
117 53 4038
93 48 2976
104 29 1494
113 27 2790
94 72 4026
49 23 543
86 44 661
101 103 4570
9 64 3086
117 31 1235
56 66 1529
86 50 910
84 13 61
47 0 4290
90 0 2625
107 84 2696
110 45 3770
19 73 3039
41 4 4904
104 77 818
112 110 3220
115 5 2557
21 33 811
42 7 2894
4 56 768
97 119 1198
124 46 1165
10 6 512
17 12 3123
16 68 2622
101 115 86
25 77 2524
24 120 3016
124 77 1771
104 99 2295
4 62 1026
81 119 4120
66 88 2408
97 30 354
59 79 2518
104 84 440
61 96 2594
77 22 2216
9 102 900
114 42 3296
29 82 3945
58 83 4355
123 93 483
43 120 401
101 105 2210
66 18 477
72 28 1136
78 97 4198
25 4 1691
0 104 456
37 55 4821
69 118 4310
92 13 976
105 6 3255
21 13 715
85 75 273
72 88 3653
74 46 1950
122 39 4870
60 45 3346
43 64 4341
19 51 1846
78 53 4207
48 60 85
24 49 4058
74 1 2500
18 116 4903
54 19 4953
6 90 1604
99 30 2031
106 68 4370
49 107 3851
19 15 1245
111 96 1852
70 103 1962
15 77 1770
69 85 1294
121 122 2295
28 101 849
81 31 2471
0 114 3310
6 57 4704
29 49 109
0 75 3732
85 8 1011
13 83 3737
36 87 4043
37 93 298
110 5 1875
119 120 1757
62 90 4010
18 40 3116
63 53 2472
64 48 283
104 79 4878
103 109 1477
94 92 1225
39 49 473
49 101 3690
13 2 567
109 100 4108
43 26 2244
48 9 3649
45 84 3820
112 28 1428
18 124 2808
80 50 4378
88 72 3958
8 9 1857
40 31 4513
88 76 1062
53 113 3759
58 108 766
76 58 527
35 58 2717
20 95 64
34 117 4098
11 53 379
69 22 4092
61 40 295
80 25 4701
89 78 2191
68 76 2461
45 3 114
108 87 1406
114 34 950
56 62 2704
99 79 3099
95 52 1586
33 107 1649
120 27 2194
0 64 4669
15 38 943
1 87 4441
20 86 2167
18 109 4144
77 82 2913
14 90 2084
71 10 2044
44 85 210
34 8 2516
31 97 2778
65 88 543
100 42 2343
40 93 3826
74 107 1743
122 56 658
13 59 507
58 67 3479
61 6 4894
14 35 4932
53 57 589
102 55 723
67 87 4284
17 41 3386
17 29 4862
48 122 2959
22 69 4139
88 103 4797
9 87 731
93 1 4419
85 6 2689
14 39 309
109 123 1072
88 112 3878
116 114 1464
113 92 1934
49 10 3894
89 88 406
65 6 3343
60 111 290
71 69 2390
30 40 1530
87 115 3785
118 100 1455
51 46 1414
5 2 4053
118 110 2605
102 11 3352
103 54 4756
21 96 4870
18 76 902
41 16 481
36 37 2729
85 53 213
61 83 772
8 1 158
10 87 3112
22 92 4352
8 22 3211
55 106 1253
101 61 4592
26 2 1078
80 89 1218
30 109 3118
51 86 2358
28 61 2034
22 98 655
39 117 4623
26 106 2686
74 63 2820
119 33 946
114 13 747
102 97 1324
82 49 2611
39 21 4791
91 51 2509
24 112 2342
15 81 3871
67 103 2376
30 14 1356
77 8 3995
31 29 2273
1 104 3159
50 23 83
53 35 2213
58 5 4074
113 96 2277
75 120 3394
74 7 299
78 111 861
95 45 3887
95 21 4798
99 84 4969
113 104 931
1 55 2992
94 118 3402
80 86 3079
90 97 1538
12 40 3368
7 0 3945
62 69 359
14 112 4815
74 118 1000
92 3 3477
0 79 4283
73 112 1042
8 64 277
41 52 1471
79 68 215
27 0 3627
19 118 3650
109 18 4511
81 83 3571
96 24 115
19 90 3307
24 51 2702
21 60 4828
114 0 300
92 28 1255
86 6 2865
90 53 2955
4 25 3341
21 4 4159
27 115 319
84 40 183
46 14 2352
93 114 4669
81 7 4574
68 87 3767
6 73 2774
45 113 862
43 62 1443
97 87 3658
109 111 1278
40 3 883
63 103 4680
26 106 1187
119 61 4896
53 104 3956
121 42 722
6 83 3919
62 35 376
106 60 4335
50 21 787
82 63 1634
66 55 3056
112 105 240
87 29 4988
56 58 345
7 114 109
10 101 3554
92 54 4958
62 13 2633
43 49 303
83 11 2141
16 32 698
102 82 3344
5 85 4035
64 121 2264
88 14 4399
66 15 715
95 90 3411
77 96 3497
5 68 4012
7 41 1976
78 100 1367
64 89 4763
103 76 3238
46 50 548
34 50 3900
107 49 2207
47 30 4731
55 23 225
107 86 4941
14 120 3070
37 120 2471
95 117 1032
28 118 793
0 96 3583
68 85 1262
57 116 3973
83 104 4741
62 69 2108
41 69 474
23 60 2084
15 51 3755
46 111 4578
54 11 1732
24 18 2831
49 96 805
93 26 4160
120 76 1926
100 3 215
21 120 83
33 96 2522
40 2 1568
87 47 4999
45 121 4211
107 56 3806
76 87 1961
12 10 3741
110 92 668
79 11 3536
69 117 1179
115 48 3695
2 121 3598
1 12 3975
86 106 4757
25 116 4457
118 23 2909
17 45 2776
16 85 4493
108 65 4748
41 90 4272
83 67 2995
72 12 4885
62 37 4665
122 80 1138
6 62 412
56 59 4141
0 79 1949
40 103 4424
116 29 797
25 103 1425
52 31 2884
46 53 276
43 53 4570
75 97 1292
30 89 3427
97 114 33
83 78 4989
109 110 2956
32 74 1969
92 68 39
77 60 4988
56 64 3742
18 115 1054
77 74 3552
3 14 1024
1 71 3205
109 32 4703
31 101 4267
4 95 4160
62 70 2879
16 38 1081
88 78 4240
70 116 4853
44 4 392
2 80 1269
40 98 4484
110 17 879
83 26 2186
112 62 35
78 74 3967
123 6 2360
114 108 4908
55 83 801
61 88 1260
103 62 111
83 105 3473
119 50 2566
91 76 736
45 12 209
3 85 4708
59 121 4819
10 32 958
13 100 1428
22 68 4738
101 77 3754
23 77 4289
109 74 1324
87 26 560
99 24 274
19 77 1987
23 98 2601
79 29 654
8 110 1305
102 50 3445
69 52 3840
59 66 2395
90 108 1795
39 77 4207
64 117 1769
7 103 4786
70 77 3282
19 52 2665
13 55 2010
3 40 69
8 58 703
4 2 4978
100 1 387
117 32 2112
70 120 4032
77 54 889
100 101 3433
37 110 2816
84 43 2051
69 83 690
118 53 1343
44 49 3357
77 26 4035
69 66 218
29 89 834
93 64 2133
47 17 2992
27 53 3229
28 5 1180
29 86 707
119 69 3396
106 47 1247
57 17 1412
110 97 4423
31 81 1939
90 110 1937
82 6 2027
72 101 1406
4 96 2210
57 81 3871
57 67 202
60 83 4837
79 101 4500
54 46 2111
16 18 3083
11 117 4521
97 9 4394
68 13 1875
63 81 302
99 76 4810
80 11 3065
3 26 3537
90 55 2974
31 120 2105
11 62 2928
0 16 866
74 103 3347
6 53 166
59 90 1554
5 90 2194
84 105 2192
64 2 310
93 12 3050
105 7 1591
99 1 3552
88 105 236
67 79 4805
118 71 4116
63 24 3117
32 94 2591
54 93 3364
30 29 1055
2 13 3529
119 21 764
115 82 978
114 70 2073
1 80 2337
2 75 1860
9 22 4546
114 60 734
33 53 983
65 5 144
6 120 4133
0 122 4237
83 9 3240
32 106 1260
103 18 1955
9 63 1417
110 121 4950
47 10 521
98 83 4833
39 26 1817
84 45 2150
8 72 1743
40 93 827
85 11 1844
77 35 2380
14 37 2754
85 17 369
74 4 4848
4 66 182
123 103 1122
15 11 1006
8 71 2811
61 15 879
58 123 4097
38 28 3559
113 97 3554
12 103 4269
95 48 3065
39 90 874
85 53 4091
16 69 1245
63 105 2971
106 14 1704
41 91 2334
6 14 2742
107 43 4950
44 108 1427
77 7 3336
51 27 100
67 66 2599
80 31 1339
44 120 1002
105 96 4014
112 35 61
100 7 2239
31 34 1190
106 89 81
18 57 1824
100 107 1016
77 52 275
84 61 2583
34 20 4170
84 102 1498
56 40 2314
66 24 4507
59 39 3014
2 51 3077
76 34 1210
104 52 4215
105 32 2615
36 9 3552
11 50 1992
36 124 2456
101 69 1603
3 65 4632
65 19 2802
7 114 4599
26 55 81
73 48 2680
38 95 2046
4 71 3316
10 34 1120
7 123 1994
103 18 157
90 28 4959
84 73 1937
47 40 4358
55 108 4469
27 18 4439
56 14 4223
74 3 2072
115 84 279
96 27 3895
26 2 3910
95 12 3918
66 26 1165
114 38 1734
114 107 2617
111 113 2770
22 104 1200
17 20 1189
26 74 535
39 59 1550
11 92 3536
22 3 1047
30 117 1280
17 120 3646
15 22 2659
59 15 612
36 99 1867
101 5 843
103 75 2555
59 120 255
93 4 1571
100 23 1821
7 107 3427
57 75 1377
21 80 1820
96 109 2512
87 72 540
69 18 303
65 59 1249
58 19 4017
99 0 1981
17 12 1741
96 52 2090
14 15 116
10 88 614
85 2 419
99 94 84
37 81 4344
26 119 2615
68 40 4398
89 64 416
53 95 1757
114 26 4429
31 63 2636
43 40 1273
7 60 1851
120 2 2476
28 77 1599
69 120 1687
11 71 4110
80 32 3139
99 124 4590
47 44 2627
55 33 1252
83 120 3649
2 84 4930
74 43 2116
52 38 1737
18 24 774
8 117 3408
109 57 2504
85 114 4525
72 66 797
101 98 706
31 78 3990
58 22 4348
66 8 4192
83 97 2196
29 58 2059
6 2 1655
108 38 3050
50 111 1580
52 80 82
81 97 1105
84 45 2436
62 76 1785
27 74 4129
116 37 1445
66 107 842
116 10 3951
27 78 3625
6 44 2503
120 23 509
10 59 2642
17 63 4749
37 95 1520
30 78 3214
122 22 3313
5 51 3679
106 54 4558
15 75 760
74 71 1502
39 35 1926
6 17 2955
87 16 1151
67 100 2620
40 74 532
76 29 3885
114 53 4847
60 27 3704
61 22 3110
104 77 4006
45 101 4775
67 38 1979
115 33 956
11 43 2309
61 70 1711
46 3 1854
24 70 4396
51 58 702
97 101 4334
20 67 2448
0 43 641
98 52 1741
42 40 3801
121 73 820
56 42 2881
16 96 1529
100 94 1128
26 95 3295
123 63 2102
92 83 2071
21 0 3242
2 84 3513
110 50 668
83 106 2380
96 25 2220
123 59 145
47 4 2004
29 12 2535
54 60 4021
40 118 4607
31 77 1576
60 106 4967
85 2 1253
87 6 2132
49 59 31
14 122 1113
121 110 270
68 69 53
91 51 1634
10 86 3261
12 54 2514
28 12 4840
22 21 3239
12 34 242
48 106 1110
22 57 2918
114 30 150
40 55 4030
78 31 2623
78 38 4578
68 49 978
57 70 3243
50 39 1508
93 115 2161
8 19 4465
78 14 1471
31 43 1180
102 48 2283
20 40 4662
12 18 3860
68 113 2000
56 44 593
56 103 910
82 5 935
122 63 2875
117 90 2680
47 0 1338
35 57 1940
122 81 1672
74 72 4076
19 41 1060
81 124 58
59 42 1868
3 84 2449
103 116 1732
101 20 3940
104 9 1614
30 86 1519
33 22 3108
12 105 4072
56 82 3787
70 67 4276
82 116 938
75 87 3491
16 71 4389
54 89 1190
111 22 1941
87 118 1197
12 112 1598
19 82 977
77 81 4571
123 40 633
29 79 1849
46 84 3374
95 123 1922
36 72 1145
123 24 266
42 35 2205
110 65 2109
25 52 3967
4 58 2791
45 119 949
11 85 2473
67 61 4863
47 25 3581
22 0 4538
43 108 1863
85 56 2451
44 70 567
113 61 2462
82 35 1819
118 104 2839
6 17 3707
48 70 1907
54 23 1350
119 26 2983
47 80 4031
115 80 2600
49 122 2377
24 14 1430
106 87 3972
123 98 42
79 85 3226
110 69 4313
92 1 4944
101 8 686
123 92 539
71 62 427
45 59 2674
30 50 1165
54 28 544
102 62 50
114 110 3809
39 89 3183
87 15 793
68 26 345
36 109 2461
94 97 2778
46 33 3648
8 9 1840
74 18 465
38 117 381
86 122 308
113 78 1042
45 113 2329
5 106 4401
63 95 319
58 82 566
49 9 888
111 2 1648
76 97 4100
0 58 3801
99 8 3492
93 100 4008
1 116 1396
31 116 1105
119 27 3205
71 87 3521
79 54 42
119 23 3677
7 47 1810
24 122 4654
95 104 2420
33 24 2796
9 4 2687
37 78 2082
19 74 1596
40 49 3171
92 50 1316
104 101 2947
38 101 3608
49 85 2923
124 97 2654
80 19 2627
80 51 2182
89 115 2762
116 61 2595
6 19 20
123 113 4684
57 3 1537
120 34 3729
82 63 2916
69 68 3862
13 63 1078
50 114 2279
2 16 3202
5 83 816
58 29 3132
4 103 2400
87 79 1664
43 39 4365
109 65 1392
62 49 780
89 35 714
28 14 1176
73 121 725
7 89 3465
14 79 1669
78 79 4507
43 97 3907
122 39 1577
116 89 1532
78 31 4230
14 95 2427
16 49 4021
27 37 3648
101 58 3402
79 61 4910
60 26 1074
102 21 510
63 28 2789
123 107 407
33 92 1329
61 8 1477
122 102 231
113 43 1095
20 83 3845
30 73 3664
119 68 2494
27 13 2264
101 68 536
74 122 3153
44 94 4798
39 92 1900
69 62 150
8 54 3719
70 31 4525
55 38 2110
11 37 726
26 36 834
52 118 341
63 55 417
74 112 4373
73 113 1357
55 72 4506
112 102 1833
29 75 4765
105 31 3379
41 111 46
9 21 2231
59 15 4565
22 31 1718
2 89 1715
110 106 4209
107 68 4082
1 121 3428
3 109 2968
79 24 49
39 6 1934
96 45 1074
110 40 1174
33 76 4589
25 44 2238
41 88 2590
71 56 2213
101 87 4128
88 36 4649
102 43 3223
14 41 3913
51 68 3903
81 49 2368
67 94 648
50 65 3963
83 15 1702
96 97 528
60 28 2654
62 71 4933
109 60 3532
78 91 631
121 120 2782
80 110 3852
34 107 2836
68 116 3494
124 21 1899
88 75 44
91 50 2582
104 73 2386
81 66 887
0 70 344
81 1 903
17 91 2217
26 60 752
78 13 2569
87 10 4340
119 40 4906
6 86 61
8 66 904
107 62 4300
22 103 1469
104 24 3953
21 103 2294
29 90 2271
2 59 1829
19 7 4279
72 27 892
12 76 1290
91 114 2794
77 91 1367
59 13 4206
10 101 205
95 42 675
109 46 1072
54 44 3372
18 102 1598
11 117 3515
51 8 1183
66 92 2331
59 42 3223
102 38 490
63 100 4768
7 77 2360
16 105 1054
98 67 3991
43 96 2658
38 100 3894
100 38 3805
97 84 3716
124 87 1680
23 105 1985
48 87 4778
101 65 1426
122 65 2509
117 20 4124
2 54 367
55 49 862
40 53 2615
102 43 4536
7 78 1076
71 58 3083
16 2 2008
14 34 3061
94 71 2675
94 89 2265
40 42 1794
16 13 2812
57 100 61
82 63 3909
93 78 409
100 102 2397
28 95 1972
68 122 2650
76 91 1469
59 44 294
84 45 1897
38 98 1784
16 2 1928
88 123 3869
21 59 2234
84 78 2815
98 15 2337
80 34 3048
89 74 1712
67 36 53
112 14 3534
39 7 823
39 17 1911
48 33 4709
104 33 4796
118 23 3226
38 36 4935
109 23 2922
15 10 748
76 57 3316
107 82 4565
43 5 2807
84 35 279
90 66 4919
27 33 255
62 58 3846
2 40 1788
35 37 2400
44 87 4646
94 26 3806
94 122 4101
101 71 1239
100 8 4340
33 79 4266
70 83 628
75 62 2897
50 83 3975
79 78 871
122 46 3298
77 104 2495
12 124 749
65 47 581
73 42 1001
4 48 2684
70 122 2656
67 89 1490
57 25 219
21 122 3466
112 23 2043
34 47 3002
2 85 3115
69 119 4053
45 83 1766
112 50 810
1 37 763
31 44 4364
100 31 911
9 48 998
38 24 4007
4 107 2456
100 61 1208
100 74 266
74 71 1119
123 114 327
109 124 927
82 18 3869
98 80 184
76 4 1833
2 46 4740
77 59 67
83 56 149
45 7 1029
11 92 432
115 36 4626
77 24 1248
85 26 3637
80 19 3060
113 52 208
78 0 3066
112 99 3966
59 17 4956
88 53 3376
113 109 2960
113 2 381
1 9 4607
72 15 3022
77 89 2372
123 40 3249
86 50 2075
69 43 1415
40 44 2791
15 85 3385
100 86 4917
59 27 2879
75 61 3544
27 109 3333
108 72 3811
30 13 1705
107 86 1215
34 81 3926
81 27 1993
28 39 2539
39 0 2388
47 24 3213
54 80 2073
20 54 4908
32 104 2585
70 14 456
73 88 4114
98 55 1297
123 115 2014
82 57 634
30 111 1502
22 48 3801
57 62 2788
6 101 3786
105 98 4541
28 91 2876
90 46 821
72 124 2390
6 16 214
8 0 4490
108 49 4906
70 36 4944
20 95 1134
2 77 51
7 99 3516
80 100 4665
88 10 1162
5 77 1679
118 91 2369
60 94 1514
63 8 2443
72 37 2725
12 72 4064
6 122 843
53 98 234
23 52 1419
101 38 2427
45 113 2103
120 51 4954
11 62 1139
13 17 1451
19 93 4050
65 109 2218
8 118 3094
60 18 1797
94 11 2007
36 81 524
114 74 728
25 4 453
64 99 38
21 1 2921
5 93 4190
32 7 2223
18 5 1729
33 74 593
92 26 615
13 81 2314
21 98 633
84 52 2375
43 39 304
68 44 2158
16 124 1083
119 27 1267
10 97 1340
20 124 2897
55 58 2065
81 78 1087
48 54 3155
95 4 444
2 24 3117
21 57 223
32 86 442
96 9 3012
102 45 1680
73 82 691
46 95 3634
109 8 694
117 112 1915
105 99 31
113 54 1188
5 29 1857
14 2 3973
36 14 916
95 30 4173
22 31 1467
112 52 4718
16 3 480
58 120 2510
118 6 1165
106 33 3346
75 35 4061
61 37 3822
60 69 2777
83 94 4073
100 37 2862
71 28 923
94 65 2366
81 3 2174
38 115 3991
70 92 3278
34 71 1066
65 78 1990
35 42 3877
71 119 2494
17 26 3927
60 22 2290
123 20 3268
88 58 2616
59 81 593
86 98 2512
64 113 792
44 16 276
91 48 15
51 52 798
114 89 4271
20 85 2274
101 36 2231
111 114 225
79 108 1397
69 111 2142
118 67 4952
68 59 2964
35 57 1119
21 29 4521
1 74 2962
74 11 2627
61 57 117
60 65 4274
1 12 4537
2 92 4143
46 7 2603
19 11 589
108 53 3160
10 8 4681
76 86 670
23 114 4525
15 13 165
76 64 764
28 43 2481
57 13 1674
4 59 4652
59 97 3617
64 3 552
62 2 788
54 58 3731
41 109 1728
27 28 2464
109 88 1539
10 123 2476
95 47 3869
73 8 3658
2 114 4339
29 2 1718
28 23 1888
63 50 1160
116 34 1332
70 27 2948
36 96 2627
45 43 959
74 106 570
68 11 4389
58 51 3279
79 63 3420
58 51 2505
120 78 3204
27 64 648
105 9 618
71 4 2605
22 34 1526
13 8 3290
122 33 383
113 45 4374
52 90 4177
14 104 4262
68 5 2253
84 95 3953
35 11 1299
58 44 2854
4 63 4125
63 64 1554
3 1 1196
80 65 3716
77 74 1970
2 101 4145
103 75 367
92 112 3903
23 38 17
76 120 1614
109 78 3666
14 112 208
97 53 1341
92 73 4751
43 20 4397
79 105 3003
27 124 412
33 57 1210
27 71 4099
97 36 4023
90 25 2226
32 86 4089
4 7 1151
108 112 3584
5 44 1973
5 24 2070
112 37 1177
119 62 4403
63 119 1473
47 30 868
94 61 2210
45 12 1091
104 71 2405
118 61 2704
39 118 1076
78 34 1852
113 97 326
33 55 2286
84 10 2190
47 88 3606
63 109 755
109 51 1208
124 15 1270
26 102 467
12 17 3377
31 80 300
47 27 2592
56 6 2411
77 20 1799
95 48 1773
14 86 3262
98 16 2279
37 13 2237
26 74 1845
114 70 2513
54 94 3580
45 107 2841
24 69 4608
45 119 744
85 22 1082
29 109 3842
3 41 1683
109 44 150
68 77 1733
8 122 1289
83 26 3875
65 37 3575
104 5 2642
66 70 3551
72 9 2842
115 67 1624
46 84 3349
1 29 2643
104 95 4615
94 90 787
105 52 4586
75 108 4679
59 99 1965
41 67 4070
7 65 3423
116 2 1849
66 112 2468
17 105 2479
73 26 4244
58 1 1248
77 31 559
53 80 1843
25 61 975
97 105 1575
115 110 134
30 82 547
88 81 2491
29 52 1321
11 118 753
87 72 1989
114 35 3419
10 43 902
13 76 2685
33 2 1887
88 44 195
14 40 613
44 52 91
14 9 1577
63 23 4431
32 74 2403
52 66 255
47 30 1508
45 46 1296
6 32 195
51 62 4246
5 14 109
11 83 2275
2 77 2742
58 118 1114
47 61 2607
52 34 4771
103 24 526
32 64 554
17 66 4312
11 36 929
108 36 1214
54 24 2557
0 119 1723
65 47 1450
40 117 2348
109 113 3918
4 42 3822
55 103 2681
58 23 4690
110 28 558
64 21 4765
17 0 1934
4 0 4449
25 119 3005
93 27 247
34 124 751
121 100 2656
60 87 2067
74 58 2056
42 121 4461
107 103 4980
13 88 2102
46 112 2111
113 51 1234
42 100 3656
12 53 715
4 65 2552
18 54 392
56 88 1871
42 93 4970
2 96 4429
40 66 3916
5 119 4143
50 123 3996
68 7 4849
60 106 2500
65 19 113
69 46 967
4 46 3990
7 62 2950
28 109 1423
31 88 1541
39 16 1824
83 105 2579
22 101 901
71 48 2721
20 83 1586
56 15 860
65 102 691
1 117 1651
24 31 4831
9 11 1762
4 2 1034
21 79 2045
7 120 4411
23 107 3563
40 100 1174
107 40 2766
118 19 1540
69 109 2483
115 106 3019
82 55 2503
32 14 2563
69 42 4720
67 6 1355
8 38 955
13 77 2784
45 81 2523
40 84 4895
21 109 4051
10 52 4629
48 37 4570
52 14 4
16 7 2882
109 83 1897
116 35 162
49 103 4600
111 71 4958
50 115 3537
103 80 2469
104 17 2901
78 121 4344
34 36 3682
66 19 3120
11 54 1917
7 63 2404
86 1 1410
27 113 2223
11 116 1520
105 85 2500
72 6 240
0 97 732
44 117 4962
73 119 1969
21 11 842
92 19 2285
37 95 2945
54 17 907
84 13 366
77 110 13
71 86 229
23 26 3747
66 108 170
101 34 2581
15 87 4513
62 12 3334
60 74 264
67 68 3259
21 39 666
58 45 3324
24 50 2949
29 28 755
74 97 853
92 112 2521
1 91 1673
97 103 68
62 38 1142
9 36 2698
50 84 876
95 94 3798
49 41 3325
61 11 2724
19 51 4079
41 2 3138
59 111 253
25 83 4001
78 90 2529
37 59 250
54 48 4184
93 17 2827
54 19 3883
81 46 1778
24 72 3445
40 43 2446
109 19 1182
91 83 646
90 30 365
50 38 3152
91 31 4188
112 71 1525
65 36 3546
73 99 4315
120 20 3965
121 24 54
7 0 754
65 97 4526
75 102 1083
89 61 1385
46 3 2083
121 47 1496
56 116 640
109 85 2336
102 11 2631
92 25 3374
66 73 1623
65 2 479
0 119 4162
53 120 4886
2 119 952
120 105 881
44 109 4450
106 39 1660
95 119 1608
121 75 1868
81 93 2358
21 88 428
36 102 3297
55 6 3199
112 41 3690
65 119 1328
113 48 4606
18 50 455
16 49 4952
11 85 3844
115 8 1058
22 7 453
96 120 2379
46 73 1069
15 22 1401
86 43 3323
51 93 1043
20 8 3516
9 117 3178
62 32 2266
80 108 2809
104 55 1458
102 44 3717
108 86 4353
57 6 3191
31 39 1975
3 26 143
82 112 3912
79 104 2741
119 64 2140
99 114 2492
69 93 1259
75 77 640
110 24 750
102 52 4989
7 41 1793
121 90 162
41 111 2044
100 107 534
55 73 164
108 95 1626
27 65 824
1 102 665
81 35 3773
107 19 3291
122 106 3698
0 52 685
106 3 3849
4 118 2624
47 78 1132
79 73 2264
84 35 2505
123 31 1395
71 32 2929
107 80 4494
35 41 1200
111 23 4945
69 73 888
44 64 1515
49 72 2894
57 68 1169
76 118 2451
67 0 267
64 92 1498
37 25 2521
74 42 4844
91 98 1093
94 97 172
78 36 1434
8 5 992
47 63 415
23 77 4441
107 84 385
44 1 683
51 70 3216
51 17 4688
24 59 1192
111 112 1574
52 75 1378
36 2 676
103 88 2436
7 53 1895
91 40 638
35 72 3914
56 104 2376
3 10 3383
90 6 2117
76 49 2037
80 0 1866
68 18 504
4 85 4107
56 50 2167
48 105 93
77 63 3136
36 61 3319
3 92 2978
70 55 56
44 27 1368
83 13 626
18 80 2503
84 9 796
100 66 146
66 86 4085
18 65 2934
91 38 188
61 83 330
27 89 710
50 68 166
107 75 2952
97 59 882
42 10 4315
62 78 3087
58 13 499
57 87 2324
59 32 2608
41 94 2677
0 5 102
65 50 4995
93 121 1830
10 108 4775
60 0 2692
40 71 4338
103 37 2845
72 58 2633
93 94 1328
104 94 3065
46 78 180
106 72 526
62 115 2844
87 109 3940
2 73 239
91 73 2592
18 57 3132
61 30 4213
52 72 4489
4 119 3420
7 9 4707
55 68 4893
43 77 170
38 105 1073
109 28 4164
5 69 4190
40 102 4690
22 94 2481
31 39 2108
46 103 1644
102 1 4646
117 25 3483
58 43 2526
49 10 2332
96 117 4027
24 42 3535
86 115 2678
43 28 2596
43 34 4145
102 82 683
107 110 3691
55 116 77
80 32 3787
88 108 2788
22 117 679
79 70 3326
84 56 2564
119 38 3112
46 5 466
37 66 2187
37 10 1148
14 108 2579
0 107 614
50 48 3044
53 90 1180
51 108 400
4 35 4100
41 82 145
86 105 950
95 57 1450
35 106 2623
114 63 2702
57 52 1704
93 8 291
49 27 743
46 88 507
53 102 3427
68 35 324
52 48 2681
104 10 4648
115 58 1295
38 42 2517
33 102 2446
52 14 862
44 15 866
72 29 2462
24 13 1185
29 20 4991
12 111 1034
22 110 1006
55 73 1269
63 112 834
23 72 678
79 118 1676
120 78 2415
75 15 385
65 20 3500
29 85 948
93 73 4015
14 107 173
22 110 3102
119 99 3867
31 93 1933
10 25 812
61 3 2839
35 77 797
106 121 602
0 84 2945
106 25 2469
95 76 3966
78 118 853
91 22 2324
45 33 4992
116 53 2535
85 107 2072
89 28 4882
122 53 4706
94 113 3436
108 88 3122
19 36 4095
7 8 3095
124 73 1955
27 69 3230
80 100 235
60 111 184
1 96 398
76 12 211
36 92 2210
34 2 1530
98 55 1483
6 81 4382
119 25 1776
35 110 4412
92 124 4795
80 29 4366
78 0 444
27 76 1745
39 76 1434
8 99 1630
63 117 1379
35 54 2923
56 47 1174
67 65 4249
56 57 4384
38 57 3338
12 111 1106
19 74 3497
63 91 2146
61 84 3548
43 103 1412
21 63 313
62 98 4422
97 10 1996
77 119 909
22 68 484
111 14 1014
103 39 2256
59 39 249
91 28 1941
41 87 2441
44 24 1542
53 49 2815
108 16 4352
12 54 771
57 63 4167
101 90 1114
66 41 3777
39 94 3536
114 75 2296
65 111 4601
40 34 340
41 0 3092
39 4 4276
98 65 2083
65 118 1686
109 59 3214
18 45 1310
33 117 3406
100 23 170
31 117 3742
31 69 4958
60 82 4448
119 59 1646
0 10 2756
78 108 1698
42 56 1023
89 109 4688
18 121 2106
9 55 1583
124 59 1158
49 56 3371
111 46 764
107 105 2752
37 54 648
59 101 2830
110 87 750
67 40 2679
17 63 361
98 49 4087
119 116 646
39 53 3002
28 14 4738
14 19 4692
114 61 3675
44 52 344
63 89 341
41 33 3115
112 85 4197
123 84 4060
87 2 41
114 6 3147
4 85 4070
86 117 4762
124 83 1792
72 12 1610
33 50 2272
86 39 264
63 6 1950
48 33 2873
116 42 761
109 62 2806
119 68 2099
96 70 3101
111 40 2724
96 117 3481
75 102 1029
24 115 2400
76 105 1385
18 7 3516
17 58 2423
108 2 351
48 114 4798
3 74 4785
12 109 2253
13 92 4629
25 0 4263
39 2 4895
62 43 788
69 37 1321
75 112 4108
29 79 1381
104 98 893
122 41 1539
54 96 4393
37 106 4461
112 123 2935
60 117 3911
56 11 4802
57 14 1691
119 121 1576
73 6 4968
0 104 4341
16 19 2340
99 37 4517
99 17 4305
59 45 4658
97 6 3239
62 104 4512
110 50 977
122 87 400
55 95 308
21 22 69
46 7 4408
88 12 53
60 37 1409
22 56 2505
43 86 4962
54 5 879
43 62 31
9 42 1852
7 102 4139
26 77 2946
77 97 4341
94 84 4916
120 17 692
61 11 1082
52 1 3947
96 27 1867
6 103 2933
35 11 371
86 62 1681
16 54 2059
57 31 2459
91 96 1958
45 87 2113
34 67 4208
113 78 4476
84 7 694
115 124 803
1 10 2799
103 61 1105
10 16 2531
58 33 1008
72 14 2445
19 54 2860
3 90 526
28 27 865
69 114 4402
7 47 211
78 113 3350
15 29 3033
31 100 1326
35 49 1044
103 122 3097
99 122 1152
106 2 4483
24 94 1385
13 8 3270
58 20 4578
46 73 661
75 25 1358
61 120 2826
12 63 1096
58 26 127
5 119 1504
38 93 2168
35 46 950
116 39 4680
5 116 2697
35 92 190
76 120 645
48 106 1948
4 113 2266
102 6 2077
55 76 3785
18 95 1871
70 38 1984
102 15 24
66 0 3029
46 111 247
95 14 3922
102 28 1393
62 18 1942
54 59 4768
40 98 3482
40 45 2439
85 29 1007
32 116 653
46 93 1955
5 95 4740
117 120 1483
12 47 2981
100 83 2826
40 107 3150
13 23 3440
114 43 1780
99 87 696
51 4 458
96 14 378
104 54 634
8 119 2382
62 124 889
41 3 269
68 45 1825
82 81 1498
50 121 1341
86 92 3376
120 5 1434
65 98 1778
119 118 1556
28 20 590
72 120 41
78 33 1160
28 49 936
84 12 2047
93 72 4922
28 7 917
95 98 4357
32 87 4207
110 83 906
19 91 4528
104 93 780
32 46 1774
19 18 3034
16 68 2001
19 29 1911
32 46 1744
54 67 1553
93 13 3801
8 108 4893
42 72 1141
92 11 2857
6 8 3509
10 19 4583
83 108 2780
6 111 4220
18 86 1555
14 120 3595
108 59 4268
80 124 4232
78 72 1036
5 109 1017
70 72 2996
21 78 3480
88 54 1627
104 39 1108
24 28 2316
52 19 2308
50 56 533
39 91 2354
74 55 4963
40 102 1882
62 18 4178
116 86 3182
20 77 706
124 106 3342
89 26 4571
30 69 2565
44 11 177
7 63 4303
66 61 1996
12 122 664
68 86 2665
27 95 4372
3 10 1540
45 36 1489
40 46 2418
109 26 3391
32 99 3756
109 89 1384
99 111 1326
114 26 4439
68 88 108
65 109 4423
6 57 3062
110 104 2187
25 77 2436
89 123 2004
60 31 396
98 119 3525
60 99 1074
21 122 590
39 41 1473
13 4 4381
119 14 2311
55 59 4707
73 62 1592
75 53 4735
5 7 4480
11 71 3153
43 112 2970
64 20 654
61 12 1098
48 112 3307
107 118 1892
10 112 4818
83 53 2965
99 110 1406
90 99 182
25 104 2216
77 105 132
29 73 451
64 45 1933
74 14 1776
4 65 4836
89 115 4606
4 63 1972
79 58 4716
58 79 3108
124 25 2992
59 56 1455
108 17 718
24 31 4540
63 111 2274
5 36 3073
114 123 4434
9 123 513
11 117 2386
64 67 3119
27 116 3590
69 12 4464
63 26 2370
68 101 4956
75 97 4854
89 39 1561
20 121 3790
45 14 1678
102 9 1612
39 52 295
53 55 4254
83 21 977
118 95 1576
53 67 1821
103 111 1348
14 121 4923
5 85 2043
25 31 4315
41 37 3359
69 10 2672
27 110 4313
73 15 2801
55 85 2177
122 30 4342
113 120 4343
42 70 1723
26 104 4037
80 3 2468
22 88 4466
107 28 7
103 70 4220
33 10 1496
92 85 1827
14 124 2604
14 16 2653
29 34 4564
114 18 541
0 73 2380
85 113 4051
113 21 1925
106 120 4711
82 105 2474
90 100 3718
1 43 2631
116 77 2584
26 114 1538
41 0 1777
72 105 305
47 17 2127
93 48 825
109 60 4487
24 40 1934
118 119 370
84 93 3820
40 57 3326
120 86 1123
24 48 1372
46 38 4080
94 120 1915
121 46 3053
97 24 1586
49 118 2706
104 44 1902
109 39 1535
69 114 2952
78 27 904
3 102 1358
45 101 1106
40 5 4889
45 110 576
26 13 823
93 49 2086
74 49 4182
15 98 2504
77 94 4386
39 100 2865
22 108 1609
40 14 1053
73 97 950
41 53 2254
88 51 3585
47 75 3176
123 102 4213
34 66 2336
112 121 2943
41 100 3214
52 121 2513
52 32 2854
57 20 2481
99 83 1479
69 32 4999
8 104 3833
106 65 4326
56 84 4354
119 43 732
83 97 4693
31 50 3834
64 108 1289
12 117 2136
77 91 3191
116 88 703
121 93 4632
122 15 3858
54 10 133
105 51 3464
16 118 4141
55 114 845
12 44 803
86 97 1817
66 6 890
75 5 1915
43 81 4068
70 25 2337
58 103 2494
42 103 413
55 76 2953
66 0 574
124 25 3775
68 116 2182
55 82 4093
23 85 3897
86 25 2489
48 43 4620
94 96 2129
4 46 1876
90 26 4391
78 75 4257
20 47 4715
49 120 3856
99 112 2696
103 118 2715
53 121 947
106 76 2771
31 0 4075
116 81 4024
122 23 3367
38 66 809
83 114 2758
69 66 2549
9 25 3031
68 90 2242
33 123 500
109 34 104
0 18 1643
39 93 1795
123 109 693
55 42 4820
74 58 4700
51 112 3161
60 59 1611
26 42 3653
89 1 2425
38 18 3426
28 37 1426
43 7 4484
79 95 2436
90 73 3057
97 5 34
110 66 4520
39 114 3039
101 60 4400
63 120 846
116 79 3394
77 76 4094
10 95 3149
63 76 1227
46 9 3448
111 109 4943
47 10 1817
68 6 3049
115 82 4557
24 8 2642
121 45 2602
75 76 631
123 90 3493
59 4 254
21 2 1495
12 85 3044
32 55 92
9 57 1648
85 24 317
101 114 1704
23 10 4418
28 32 291
28 19 2321
82 24 4498
90 16 1078
48 5 4593
32 40 4550
57 17 2531
120 68 1618
12 90 4433
43 19 2225
80 29 4211
35 43 2671
105 41 722
55 28 2634
90 43 979
100 36 785
65 60 2711
107 118 3365
15 99 3867
75 0 2318
69 53 1067
14 7 3945
21 36 4653
42 60 210
39 36 1871
49 27 4576
100 84 1954
13 24 1222
44 45 2410
51 99 1743
30 94 3708
11 105 3106
15 35 4465
45 62 1439
67 58 2548
107 54 4143
119 65 1495
12 81 4333
77 121 1677
14 123 3097
66 75 2655
45 67 231
34 89 425
6 110 1196
31 83 3344
82 32 632
68 39 1026
87 5 4206
92 46 3176
25 75 644
20 55 1964
53 21 309
43 3 804
57 30 1214
15 12 3249
99 29 2834
48 12 496
2 102 2394
50 101 1757
50 52 2301
5 22 4986
104 95 3150
43 52 916
58 66 402
59 6 2196
28 75 4438
24 23 1705
26 113 2515
18 113 4697
46 62 2631
81 37 2121
101 54 3527
54 29 4168
23 64 4771
36 103 4743
87 4 1947
24 66 608
79 4 1302
37 85 2953
116 18 2087
69 30 2043
104 81 3999
71 68 435
68 103 3764
39 14 1182
19 76 386
27 46 3979
68 27 2587
96 118 1183
2 114 1629
39 85 1893
42 106 2537
78 9 3960
31 9 297
96 123 368
121 12 4953
79 92 3004
32 8 1139
94 23 1793
76 120 1810
79 7 3616
51 23 2867
85 56 2726
98 93 3018
56 42 3156
109 31 83
47 60 2486
37 81 4290
18 78 1338
116 63 308
65 23 2024
96 32 579
45 33 3806
110 108 4429
121 76 4137
93 53 3681
115 110 1703
91 47 2868
33 1 2546
73 114 1239
99 59 2245
9 25 1849
120 68 4097
0 35 1993
3 58 1324
22 65 3753
8 105 2783
25 59 3185
56 9 3592
18 15 3184
2 41 1539
24 62 1803
68 80 74
41 48 505
43 3 4341
36 111 531
89 63 4826
76 13 530
83 121 2342
10 57 2290
4 63 2926
39 124 2586
8 15 4950
2 108 1916
79 9 1218
79 41 2518
99 4 1829
14 109 2453
46 58 1512
94 87 2109
69 40 1639
106 115 3868
89 30 3554
3 11 1671
1 104 1242
98 123 967
39 38 1478
96 50 2284
122 9 3634
55 106 368
55 107 2226
21 121 2868
63 18 1432
107 3 2504
1 18 2769
58 19 4210
109 116 1494
103 15 4498
58 10 412
18 70 53
47 23 3598
4 105 2475
47 83 4012
109 43 737
107 11 3195
91 90 1104
7 57 288
7 123 4507
6 55 4568
40 1 3863
39 106 4394
56 28 3059
123 6 3161
33 16 3866
1 121 471
85 91 3671
49 80 3495
69 17 1681
91 79 3463
48 118 1164
92 6 2608
9 85 4015
115 112 3729
91 55 4839
14 27 3095
46 14 3079
58 21 3339
98 96 1917
86 93 3464
1 117 2735
37 73 4937
100 33 1022
1 32 2838
58 26 4460
70 105 4572
48 96 4937
124 28 1904
77 105 2000
35 13 814
53 44 3451
33 103 4010
49 122 4697
30 31 1003
120 36 1105
30 65 465
87 65 2403
86 84 4914
72 105 1703
110 33 1625
41 13 4984
83 76 1493
3 7 1633
75 69 306
56 33 1022
88 95 2877
120 114 3866
111 24 985
49 82 4089
62 32 2530
22 109 2530
54 45 443
84 102 3065
59 90 1681
3 4 2620
4 118 15
16 2 1399
86 56 1991
118 69 3560
114 14 437
64 45 700
92 93 1390
35 123 830
33 99 2410
81 36 3129
70 49 477
116 107 3668
92 39 1654
105 26 1725
68 19 4293
30 4 3049
117 115 2000
22 93 4724
99 5 1121
111 124 1970
94 84 2616
1 71 524
70 22 1006
13 63 4835
14 65 2389
78 23 3558
1 79 3492
93 115 1457
60 10 2376
64 63 1626
23 61 2716
0 14 1920
23 44 2377
120 117 66
40 90 3827
18 81 3720
120 94 2369
23 68 2683
30 104 3862
21 89 4941
103 38 4321
18 42 1497
9 36 2751
24 0 1910
67 56 2977
41 71 2394
111 63 2039
60 24 2340
107 78 3819
113 99 1141
87 91 3612
86 14 3655
107 40 801
74 52 507
97 60 1012
35 9 2757
27 68 2428
82 31 4205
74 97 4555
45 1 2843
123 114 2887
52 1 3400
1 28 602
20 59 1113
94 120 3308
117 12 1398
109 18 1746
118 48 4032
102 52 493
31 112 2902
67 1 3336
60 32 4735
105 86 430
17 0 2367
8 93 1240
121 108 726
58 47 3201
10 31 2744
106 105 911
65 30 1561
25 18 3578
63 25 4170
81 70 2100
114 16 2440
111 71 3645
87 112 1729
36 59 2976
92 24 4989
109 123 1285
30 113 144
112 14 3150
87 95 103
0 110 351
70 75 2844
75 35 2228
66 103 2511
3 95 818
62 81 2002
85 99 754
116 62 3246
30 33 152
68 112 1334
80 21 3721
15 80 364
96 58 991
73 29 2297
90 28 85
15 82 3297
6 44 107
48 4 4079
122 111 1496
114 53 4552
32 50 1317
28 94 1247
89 27 1096
113 6 762
42 30 2979
34 89 3662
2 30 4593
77 12 1343
14 55 4982
57 9 454
109 103 955
86 38 258
67 47 4605
77 74 3300
74 27 432
27 104 1666
61 120 2762
53 96 1687
60 78 4009
83 97 1736
49 7 3174
8 36 4740
68 64 4332
15 47 556
80 7 1770
6 87 4878
39 5 3328
56 94 748
68 35 145
112 70 3725
35 21 2287
52 46 1709
52 39 1117
68 64 1757
23 52 1820
47 45 1615
27 10 2367
38 36 1129
37 88 3253
17 13 819
107 70 3531
56 24 1369
71 89 1202
61 7 1231
57 1 836
64 61 330
100 73 1559
124 113 1621
65 94 1084
59 39 2684
42 12 2223
44 100 1200
40 124 2215
100 110 3441
27 51 1178
124 56 2425
7 1 1072
40 66 2148
25 83 2985
93 57 2144
42 85 788
75 50 719
20 99 167
80 105 2581
9 124 2167
107 85 1712
28 81 1818
60 71 2872
49 7 3795
4 111 2222
98 26 363
59 91 511
79 102 2952
104 84 3512
53 77 3178
106 103 4496
107 99 953
107 113 3798
24 69 3942
78 99 63
31 9 108
58 51 2156
120 100 2636
18 32 2338
70 32 4676
97 38 3547
31 14 4078
105 13 3962
102 66 226
105 21 2593
64 110 4894
33 117 1539
80 30 26
87 113 459
34 10 228
26 105 1127
26 78 562
2 120 3458
76 60 812
120 32 4311
55 117 888
48 63 1307
86 58 1443
109 63 1083
12 118 1277
91 2 1338
15 52 1380
77 12 516
98 79 349
87 33 1937
29 21 2086
98 1 1703
78 118 2769
31 67 2405
13 87 3561
75 105 4180
49 98 63
64 62 657
89 95 560
20 17 2967
75 0 487
115 50 2639
16 70 1297
105 85 1110
85 106 1050
41 123 3259
111 88 4828
11 98 43
93 84 2151
37 59 953
80 83 4009
19 27 1987
58 19 4566
110 1 2449
10 1 2725
31 58 4704
123 12 2449
29 71 1545
105 93 790
61 28 2643
48 83 2247
122 63 4371
122 92 4597
76 49 1686
99 87 4523
97 38 3512
75 4 4868
85 13 1416
60 23 709
14 55 69
49 36 2257
121 105 3209
20 64 4560
16 52 2556
104 81 2689
76 97 3152
51 110 2652
30 54 3589
106 55 4896
59 35 762
113 56 1461
24 56 3166
30 103 4873
119 80 381
105 57 1348
45 98 1640
40 78 4009
107 39 1741
25 1 2932
12 47 4675
70 49 185
3 1 4350
119 64 3240
49 72 420
46 27 797
76 78 4962
100 8 4507
121 91 3333
80 66 1918
7 114 3317
76 84 2321
55 39 701
102 4 3207
113 56 2191
72 54 4364
88 102 393
81 65 3894
32 92 4545
90 26 922
45 13 2850
3 111 2073
59 40 3451
88 16 2773
4 33 2376
22 7 3964
48 58 1860
114 15 587
124 119 4568
117 79 3576
37 103 2370
105 87 639
41 37 4049
98 24 2134
79 17 1460
91 55 2216
118 100 4100
94 86 4108
116 21 2454
5 47 1609
86 64 803
6 51 3428
7 106 427
21 83 2115
116 10 3733
90 69 1484
81 15 3444
35 36 112
9 69 1273
80 79 4925
57 47 3794
80 25 1451
30 72 4396
82 15 571
13 6 2611
28 29 2586
51 86 3150
25 26 2778
89 39 1989
90 84 2783
79 113 3449
57 86 2717
56 45 4608
36 76 4542
29 118 2092
65 18 3713
77 67 1597
36 12 1779
85 49 111
113 115 394
46 45 3759
3 97 633
64 57 3792
58 33 332
35 64 1416
72 88 1190
92 3 4093
32 49 44
108 33 1135
34 111 1811
41 39 2026
103 15 448
77 119 2608
26 94 4771
12 84 4740
115 11 700
1 58 3252
64 4 2145
95 122 406
5 54 3287
36 96 4329
1 42 4672
77 8 483
104 77 2766
91 12 2404
93 73 1253
99 107 4701
98 84 3624
0 37 1453
40 62 4088
89 11 2869
52 89 898
63 49 164
116 91 468
33 24 1171
114 35 635
121 94 626
13 46 1771
29 44 3664
100 36 2139
36 63 2602
52 78 2925
117 7 2617
36 105 1392
112 107 2872
2 38 3938
122 116 1454
105 103 2529
41 102 906
112 43 3998
45 95 3210
124 64 1207
122 53 3381
77 120 910
33 68 3725
42 5 3433
72 109 1939
66 17 2969
101 51 1664
85 112 320
54 7 1771
24 12 4976
54 70 1568
38 47 4106
113 31 3209
39 55 3257
46 107 3719
58 88 2434
17 52 599
1 81 2992
76 25 2718
89 35 144
81 88 1083
105 109 3983
84 108 2878
13 5 4598
40 62 3282
67 77 4673
96 87 4536
90 71 2547
66 38 1716
29 78 626
72 33 3947
109 40 627
55 50 266
17 31 3377
79 63 1318
84 51 2127
101 70 3532
106 85 4768
69 73 262
46 78 4713
7 104 3439
76 3 4291
65 116 4305
1 3 2387
96 8 2502
4 42 720
1 6 3723
83 40 3041
114 5 1032
42 33 2246
9 55 2808
45 27 1500
107 93 2282
34 65 154
69 61 842
104 49 2817
74 101 846
60 24 1486
30 24 4645
91 42 73
50 22 2059
122 87 2987
87 117 4272
68 55 2083
103 100 1646
64 118 2745
43 103 2062
87 83 1319
35 28 504
25 111 4676
6 110 350
28 67 1932
70 9 2353
69 109 1209
10 7 2063
83 89 4245
24 25 2349
51 119 4217
19 45 2207
17 116 3983
117 90 3861
65 104 2950
67 85 3909
114 124 1479
87 109 1601
52 71 1244
45 37 1580
78 35 3554
100 0 884
79 54 2147
122 27 322
105 98 2260
112 91 1399
55 81 3378
81 40 4578
63 73 861
70 68 266
117 85 2942
55 102 2110
45 120 1850
108 15 2031
120 118 4283
50 72 3912
99 73 1321
17 76 2721
24 16 4858
97 105 4874
31 122 2711
18 23 3981
23 96 2517
85 107 1163
101 58 3237
14 63 4334
115 1 2310
3 49 1117
15 21 952
124 63 3062
4 16 3935
83 45 596
35 9 2992
50 103 2027
89 76 446
73 124 2465
20 97 3556
37 110 4968
31 27 1504
88 4 1223
123 114 396
109 33 4413
120 123 1688
51 84 4429
3 28 1855
24 70 289
30 90 3663
64 43 509
84 0 4207
122 121 4830
100 1 3694
108 36 1731
35 20 4722
61 110 557
52 29 4562
17 52 4088
48 71 3530
124 91 3778
71 58 792
75 42 3577
122 114 3623
40 120 923
54 121 3386
47 46 3203
63 19 1532
52 2 148
32 22 3969
81 11 3785
7 47 2312
24 58 3854
21 70 2243
81 27 4841
91 33 1638
119 88 2921
9 86 4959
16 40 3179
24 76 607
77 57 1078
91 24 1455
40 44 667
118 73 62
41 30 3977
110 115 1661
52 76 672
122 80 1741
15 10 4398
41 77 2865
66 73 981
77 92 735
51 17 1299
124 60 2651
108 38 2159
39 42 3261
16 26 830
119 103 556
98 85 144
21 111 1557
29 18 3271
19 42 3554
79 112 419
38 75 1408
63 24 2144
53 62 116
112 82 4800
44 80 4220
120 21 2932
0 119 2523
98 15 4337
40 58 4674
16 45 429
104 89 4778
54 19 885
74 87 3648
37 76 4306
109 124 1495
102 54 2627
30 76 833
86 111 288
105 17 1187
66 51 2811
20 110 1011
106 17 2079
103 101 398
105 83 3482
82 59 4770
6 12 895
119 68 2119
98 94 4203
82 9 1900
79 95 3892
31 41 1067
102 34 1390
64 80 2094
3 71 2552
102 44 3748
98 119 4202
16 75 4757
107 114 4903
68 48 4636
33 37 4533
35 27 1223
109 56 2999
52 93 2090
115 46 4696
117 106 2866
97 32 2737
19 52 1957
35 15 1412
84 18 2429
36 94 2170
6 15 1855
89 2 2585
37 26 3663
111 90 4615
96 80 2571
124 45 887
9 52 2582
75 66 624
27 97 4386
63 14 1365
46 62 609
117 100 1123
22 16 4395
81 48 2002
69 115 679
55 107 252
1 39 242
72 61 2121
96 33 777
107 43 4834
22 43 882
109 120 4986
26 8 2486
55 115 3676
79 18 2022
29 19 3838
61 50 3143
8 114 2269
23 32 61
59 75 2658
70 34 1490
25 3 3686
26 72 2372
58 97 3743
8 43 2747
12 14 4643
76 26 4265
43 27 1768
43 5 2263
25 22 4216
53 35 541
87 46 4653
80 81 4411
105 61 4083
101 109 218
70 118 1519
89 79 4614
60 97 1813
15 62 269
110 5 2437
9 7 98
89 31 4805
108 117 3566
9 45 4797
9 16 1832
25 7 972
100 17 614
19 37 1550
83 70 813
88 36 1448
85 75 4384
92 107 3189
111 48 1880
19 67 4866
54 93 3188
61 17 1765
34 96 3766
105 50 2282
117 9 528
25 81 4172
27 56 1680
17 23 3334
11 61 3944
43 82 2523
51 111 2019
73 39 742
12 77 3472
51 91 3254
47 43 3104
57 123 1266
70 104 215
67 36 1692
36 99 910
51 52 1903
49 74 4318
108 115 424
67 94 2693
67 73 1399
119 82 3010
16 33 2576
64 85 1964
113 24 4360
104 36 3991
108 16 3877
78 25 1990
96 3 3207
72 68 550
19 112 3100
26 101 1440
36 6 430
91 28 3504
54 99 2964
67 44 2063
93 40 3267
114 100 2595
23 112 3240
65 106 4128
61 53 1306
62 17 117
76 6 3942
116 118 1496
19 56 2341
77 101 567
106 58 1240
37 92 1693
76 110 4297
41 59 4724
16 62 3442
119 79 796
52 3 2325
1 105 66
98 75 397
13 119 1365
33 73 3406
45 42 3968
115 87 3483
68 81 813
52 70 365
27 108 4721
110 105 163
113 62 4171
111 102 4757
108 109 3057
23 27 1430
91 69 4709
11 69 3999
93 124 1902
113 85 3267
20 109 115
108 88 368
53 68 2137
21 88 2135
2 105 2964
120 41 4620
91 70 4221
116 73 632
2 89 1840
47 118 1236
78 61 694
55 119 548
10 9 3006
38 62 1349
58 85 3974
51 115 2228
55 20 3000
80 11 2066
117 64 3197
67 33 3654
37 57 708
81 70 460
63 103 3999
110 28 2946
23 56 108
110 52 4784
80 8 611
23 101 2444
112 60 1513
52 91 2978
109 12 1377
11 30 572
70 55 3571
103 15 2528
63 49 2540
43 59 4274
102 98 748
18 0 3456
7 79 4249
99 57 3693
55 120 4958
0 110 1974
3 110 1934
46 57 4092
118 97 1251
30 22 2464
85 84 4870
79 100 1789
0 96 2836
68 113 1060
91 93 3812
60 52 1158
23 87 4100
93 22 1772
42 10 159
53 16 3570
58 51 3854
60 122 575
50 97 846
54 39 1766
105 43 2203
108 25 4043
55 83 1244
86 78 4091
18 57 2305
89 63 697
76 70 358
87 73 4686
10 21 4225
56 26 1547
76 33 4160
70 109 1879
15 57 943
114 44 3078
80 98 2365
82 69 2990
35 18 810
107 12 4181
93 18 3948
68 21 844
112 115 1091
53 10 1047
24 61 3870
117 100 879
26 78 166
49 116 1089
34 122 3370
104 96 196
75 76 2985
17 90 1688
113 6 3740
19 72 3166
64 87 1028
98 81 4611
30 68 353
66 72 1323
26 81 4478
84 21 4937
19 32 1673
74 30 3631
119 112 4960
99 74 1187
2 61 4996
123 50 4764
89 22 442
70 28 852
29 94 1913
107 0 4686
48 111 3565
119 84 807
80 1 452
65 63 2462
99 78 801
69 83 2265
77 33 662
118 67 2964
63 71 584
61 17 3233
113 18 2914
75 85 1282
82 119 3075
92 74 2940
119 5 3429
101 11 2230
118 95 1940
99 124 4165
72 37 2406
52 6 4783
92 94 4
67 111 2283
1 115 4246
18 61 4539
114 98 2190
58 109 4124
94 108 2034
28 52 2696
6 30 819
76 108 1163
95 51 591
98 58 4201
11 53 2224
60 124 2814
2 40 1429
40 24 883
70 122 1525
74 24 3738
39 4 1327
0 63 3735
117 46 1056
23 58 4490
43 122 3658
72 84 706
115 25 4362
80 65 3612
100 25 2141
92 50 1562
71 81 2336
106 18 3910
81 53 696
73 8 483
104 45 3508
68 107 17
34 85 1048
54 47 3475
91 41 4333
6 45 3739
79 69 4690
104 118 281
21 19 509
51 101 2155
55 90 2558
116 5 1196
42 68 714
28 8 384
63 86 3854
13 110 3259
55 1 400
3 29 810
26 98 1464
21 89 976
93 102 2645
105 91 2357
19 123 233
99 110 4186
107 71 3093
62 54 1418
32 3 1802
16 100 3731
27 97 527
96 63 1535
121 67 1015
97 20 2286
117 77 4391
16 10 561
48 107 1606
114 108 1381
43 2 4727
76 114 1252
117 40 3669
49 13 4893
14 96 3296
39 27 1878
54 56 679
54 33 698
71 77 428
13 101 39
32 42 2424
4 10 2371
106 47 4409
20 66 3503
45 51 2123
46 41 446
4 69 2353
18 7 4531
113 99 2722
92 62 125
3 13 2124
12 124 3817
49 93 1131
18 94 3222
60 57 3895
124 17 1502
105 32 2042
18 45 1364
81 35 4598
73 122 4592
101 53 1855
35 120 2388
64 119 1291
1 83 1149
69 79 3446
27 99 1319
2 63 3562
53 83 678
34 73 2634
19 103 761
56 64 358
86 60 1595
48 67 835
35 71 2739
30 69 99
82 6 1704
115 77 3897
29 47 1653
20 18 4331
77 21 2296
57 32 3689
98 75 2608
109 22 925
50 11 3768
47 119 1192
36 71 4219
89 40 1522
112 45 2398
13 77 159
82 53 4635
30 114 4258
121 31 4642
38 30 2150
50 25 2031
5 53 912
118 21 1101
48 107 1388
62 91 3380
40 45 2905
115 58 1697
110 108 406
58 62 2141
27 30 139
121 110 4744
71 83 1550
60 69 3775
3 85 547
121 63 833
84 60 758
43 86 4612
75 8 2680
36 120 3751
21 63 453
32 1 1837
61 64 3647
20 116 3132
39 32 3513
25 76 3693
124 88 2958
35 97 378
104 77 2080
2 5 2131
68 114 4352
1 40 3558
88 76 1490
31 79 4825
18 63 369
117 49 1075
120 104 4402
0 55 3947
72 88 3513
31 27 3750
46 33 3919
9 27 1167
63 35 1184
80 99 2061
120 108 2189
35 119 2126
34 63 1860
30 20 3493
105 28 1697
48 117 410
63 11 4122
111 44 3179
58 6 2791
105 123 1495
40 0 909
92 51 4505
77 122 143
12 61 4353
42 63 599
78 18 1026
102 90 2405
2 15 3862
109 73 3814
107 50 473
73 119 369
19 31 2869
79 88 3001
83 70 1207
119 58 647
120 20 3207
84 83 2067
111 5 931
27 40 2592
27 23 3804
121 122 2055
123 7 3286
81 64 3600
67 123 1439
4 94 4517
25 101 694
106 45 3465
89 95 46
15 122 884
89 119 2930
106 53 2745
106 83 1788
124 44 4945
109 86 231
109 37 4824
113 65 2082
0 35 31
63 100 594
122 55 3965
28 39 3284
67 101 4360
31 23 2134
104 99 3665
80 28 487
50 39 3635
59 92 3544
68 101 4668
22 94 4035
120 79 1767
87 41 840
1 28 1231
82 123 4445
113 120 4255
88 102 506
106 0 2682
25 16 4440
31 22 726
17 3 1757
20 13 1272
52 5 1892
45 83 1165
95 57 4651
82 53 2640
15 77 887
45 74 11
96 120 3017
123 89 2853
123 45 2297
103 13 1141
7 114 3129
7 38 1992
104 83 4390
5 65 3894
66 45 1725
116 2 116
13 113 1703
96 32 2177
51 64 4318
9 11 1658
116 100 4713
42 51 2157
10 73 3902
94 2 1671
94 57 2618
49 44 2464
87 117 3389
55 16 843
110 97 1880
49 89 2087
46 45 581
48 53 1327
108 97 1379
14 89 1567
7 116 270
10 120 1567
32 111 1976
68 28 1410
66 33 4558
70 92 1588
86 117 1887
30 37 2458
84 59 4314
83 97 1336
115 114 3024
12 121 2791
113 65 4050
80 56 1985
83 36 635
53 14 2739
24 49 1198
120 53 3909
113 9 2640
15 25 725
90 100 4423
106 91 3806
17 117 2160
83 19 3960
33 12 1060
23 111 4796
71 84 673
62 111 1402
36 51 2241
121 47 61
86 79 1712
124 55 618
44 83 2465
0 43 418
71 59 4553
5 14 4403
113 17 4350
24 80 3994
12 4 4419
83 124 3152
51 11 755
97 113 2640
119 44 988
115 80 1168
49 87 2659
33 118 2379
60 91 256
120 46 2547
44 94 725
99 87 3013
103 95 613
73 36 3100
62 34 4851
84 17 2574
6 88 2586
55 68 1639
30 106 146
115 32 4954
122 49 848
84 37 1813
119 21 2220
57 81 4705
37 98 193
67 94 2014
14 114 931
14 107 3597
111 11 856
94 36 4550
37 40 3080
115 112 4538
3 90 240
35 32 4012
24 39 2469
70 18 2329
25 43 2057
108 107 303
41 106 2726
116 122 997
9 89 2871
19 64 2978
84 86 2134
39 3 2970
90 110 1812
112 67 4577
29 78 1104
52 110 2859
108 19 4681
43 32 765
21 43 125
109 122 2204
49 104 2136
25 112 405
12 3 4269
105 77 4455
115 89 3778
12 22 2687
35 88 4663
88 104 575
64 124 4774
103 90 2002
84 27 4527
115 65 2534
34 74 3997
75 47 371
62 15 3230
54 88 4975
99 41 3842
106 48 4276
70 30 3672
45 60 2726
24 87 3220
32 57 831
114 6 2919
112 11 3177
0 110 4503
3 116 3304
63 104 2915
50 65 4295
66 58 4296
31 84 1504
9 18 202
124 118 4661
115 113 2288
76 40 2419
110 87 1124
122 21 3389
85 66 1770
106 43 989
62 30 274
117 76 1503
99 90 3751
56 68 3449
55 31 3014
105 49 4765
104 50 4504
84 68 4842
46 38 1005
69 97 2818
113 92 93
117 3 4998
109 34 2188
81 11 827
42 66 2077
111 103 3680
27 121 3985
114 83 1145
5 4 271
35 39 3853
69 117 4107
87 88 822
27 24 56
80 2 2697
17 75 1036
67 52 1158
38 13 3965
37 116 4227
85 2 2317
83 75 3064
41 88 4586
15 7 287
106 11 4073
53 117 406
102 122 4491
68 87 123
18 75 1309
22 44 185
88 31 859
41 26 2892
2 73 2047
107 13 1209
13 57 1658
19 14 2233
37 117 2015
30 18 4459
90 38 2587
43 49 1817
2 105 2835
77 108 668
106 64 2334
84 13 729
118 108 87
5 0 709
42 27 2507
47 65 2433
81 94 2300
25 14 1912
90 115 4800
110 66 3656
66 43 743
61 80 3219
68 106 1740
73 49 1870
14 19 2008
2 96 2553
14 18 2636
119 65 2677
123 40 557
14 36 3126
117 75 3500
42 40 1208
7 48 2240
10 52 540
12 15 4099
122 54 3168
31 68 2063
52 72 4581
52 26 1657
39 121 4608
115 17 2130
122 109 3087
38 116 2003
109 48 2675
1 55 1483
10 106 2119
38 67 4673
35 98 3478
58 35 4523
122 96 104
15 97 741
78 105 3579
102 69 1374
0 94 245
61 32 1636
92 109 4335
79 69 1451
7 101 3468
91 26 673
52 17 495
96 49 4342
104 66 3980
12 121 4023
124 27 1822
103 42 1440
70 80 1304
90 21 1086
32 114 331
73 91 1784
89 118 3812
26 49 2594
47 29 3489
40 2 195
24 52 752
24 55 2103
61 104 1438
28 72 4825
99 20 2427
87 2 1377
78 107 2153
89 54 3465
106 107 4818
55 34 827
40 48 4093
94 8 2172
63 36 928
95 46 4507
17 66 2965
32 13 3954
60 74 574
30 117 3409
93 45 3971
118 16 1806
98 32 1625
111 91 1262
12 122 3765
69 101 3232
50 33 325
1 113 578
47 27 5
94 109 3126
37 3 4424
44 27 3496
8 44 3607
87 50 927
63 94 4557
113 78 3913
78 5 298
64 63 2321
27 61 1241
12 109 2662
68 40 845
58 61 3608
1 26 4450
20 38 3281
62 47 2517
97 49 73
56 96 2908
1 124 2837
52 58 1579
59 84 392
34 24 2230
73 105 3095
67 3 4588
113 111 2254
46 60 3493
79 27 3196
18 59 2179
114 47 3030
61 40 1999
92 57 2891
108 67 2346
68 62 4401
39 22 2107
84 114 1061
97 123 1434
51 13 3176
48 33 3056
80 114 4460
105 1 3510
1 29 3913
64 2 4883
119 17 4274
65 4 3495
78 116 3341
75 0 4989
14 42 2219
35 15 4596
107 63 1025
18 89 1045
91 29 3500
31 11 3312
54 99 4050
59 93 1962
87 94 1925
87 5 3081
108 33 3117
99 23 4235
12 112 564
85 66 4910
13 25 847
34 2 4923
11 36 2011
116 49 4745
44 55 3354
3 41 1783
60 24 108
100 91 4478
18 39 4553
95 35 1850
65 63 3795
107 18 1795
20 109 1485
17 117 828
6 91 1652
2 84 3537
74 88 3696
105 65 3158
100 111 4934
113 52 3393
98 26 137
65 31 330
54 56 4984
103 24 1291
69 92 3584
65 71 2897
29 12 594
37 2 3139
41 94 2652
12 34 300
33 11 1030
27 37 4381
16 55 3538
48 9 4584
103 38 632
112 13 1627
42 74 2656
44 116 1468
38 83 2587
23 40 4037
49 14 3618
10 8 60
123 106 118
7 10 2121
25 114 3396
95 68 3323
94 1 77
44 76 3483
87 92 4513
74 7 4053
102 29 244
49 64 2462
43 111 4875
6 88 2428
81 64 4401
24 6 2212
0 88 2994
110 54 2916
16 3 3112
21 92 11
68 67 3162
109 38 1504
110 42 4188
72 116 2120
27 23 4999
82 23 686
99 16 1460
7 54 1209
60 18 4564
5 96 401
104 36 1843
87 112 3278
74 66 972
16 38 1558
70 25 2172
76 110 4712
118 16 1967
40 27 2754
22 102 1222
38 55 4949
58 2 2672
99 39 1449
54 110 275
16 15 4146
3 13 54
5 8 1298
11 40 4094
18 45 714
111 51 4481
27 102 810
51 44 3493
66 90 1663
108 86 2607
50 112 2726
108 62 1557
112 25 2599
115 24 1791
11 116 4382
101 6 3277
42 40 2193
62 73 1988
31 2 1727
46 113 3148
106 69 544
12 13 414
75 102 3359
24 10 318
26 67 816
93 74 3565
2 13 3494
58 96 557
65 99 3670
3 50 1553
17 108 3349
74 39 3536
44 77 3088
20 60 602
71 116 2014
68 94 2061
78 31 708
69 48 3039
16 76 4289
101 86 2138
35 46 2342
84 82 789
53 55 3667
119 93 4380
18 93 1612
48 112 3910
39 100 903
35 6 2452
76 47 1051
50 29 271
45 47 2733
5 108 1134
52 23 3025
15 81 4412
124 60 4717
48 60 4772
115 33 837
70 22 3215
110 84 150
29 123 1039
15 8 4828
109 108 1134
56 37 1802
2 116 4095
50 56 2782
64 116 3076
34 117 4165
23 33 93
118 22 4881
109 89 4906
117 50 2318
78 58 2326
18 54 381
10 56 3054
67 109 13
110 15 2554
114 31 4023
90 61 2044
99 26 414
3 91 877
40 101 2658
118 86 3652
23 27 2085
62 89 788
52 25 1243
68 27 2675
52 35 1971
26 54 4372
32 52 3083
110 28 1238
37 104 1264
0 3 1135
102 38 4635
78 85 1779
42 110 3762
103 43 903
62 37 3652
21 94 489
34 7 285
51 45 4176
0 86 4765
10 40 3027
105 67 547
36 22 3928
64 104 4217
78 0 3385
17 4 4262
119 6 2633
62 43 3280
114 73 1855
94 91 732
6 16 2410
91 45 3156
86 15 4832
13 35 1475
123 98 994
57 15 2231
26 105 4101
111 103 581
118 0 1982
29 106 2043
38 20 4858
110 43 2622
86 106 2132
25 108 1675
21 97 483
13 93 1519
64 36 2652
75 62 3381
33 91 4964
100 82 2056
107 103 3701
97 58 4221
13 100 3201
103 78 1675
60 22 2222
43 85 4455
123 4 3156
99 3 2377
72 2 2092
16 70 338
17 21 2111
78 3 3978
24 67 1482
41 26 2038
79 24 3483
32 102 3064
117 7 1056
64 8 1518
4 20 272
65 109 4475
59 76 203
18 112 4335
74 88 1381
35 47 3823
62 16 2246
34 9 2879
124 78 626
75 0 1020
9 26 1457
24 86 1802
122 113 1003
77 102 3957
20 35 329
112 44 1977
99 30 1016
113 47 4451
78 123 3504
41 56 460
15 123 250
4 64 59
108 0 3413
44 38 1618
98 113 2535
102 89 37
36 41 1086
115 74 3678
25 109 2353
112 54 1734
74 90 212
7 85 3468
39 53 3274
31 117 2473
104 57 511
63 32 373
20 96 4636
24 105 1954
63 79 275
65 95 4064
119 57 937
67 0 4355
82 2 746
22 21 3914
36 67 3294
8 111 3731
60 62 4875
87 121 5000
108 51 3164
73 46 1068
69 14 2851
102 63 2890
116 103 2568
67 53 3668
42 27 3290
55 49 2666
76 13 1650
76 80 1911
122 22 425
56 59 1598
43 12 2189
106 87 1290
78 42 1794
120 8 474
57 22 2358
63 14 2019
81 8 2143
19 30 4538
14 57 2512
37 107 1320
31 58 1519
30 42 2407
90 35 3894
71 12 613
60 120 4325
97 23 95
79 26 3450
49 109 667
116 2 107
60 51 1202
112 113 2613
49 7 573
19 101 2822
50 102 2691
26 94 3431
46 91 3893
65 72 1603
39 65 3940
51 118 881
35 33 3719
106 25 3690
97 71 2958
32 94 360
77 5 1164
89 81 761
116 33 4039
48 45 2515
29 23 810
85 96 3892
103 63 4244
116 11 1000
105 42 1370
55 9 595
33 28 2802
102 17 4332
95 72 2874
29 21 2395
116 118 4824
12 104 4593
112 61 3804
38 6 2640
10 120 3984
60 109 844
105 49 4311
114 79 675
105 76 1517
31 44 3198
116 52 1173
4 14 472
87 70 3079
107 4 1770
66 30 4110
31 71 931
79 53 93
60 29 737
91 57 2235
24 100 4851
6 64 1691
94 27 3322
63 34 1605
73 9 942
88 84 2621
89 79 2060
48 94 767
60 7 430
43 76 2242
3 37 437
120 23 1500
30 110 668
24 103 697
95 44 1593
112 97 2816
46 103 4169
17 22 1740
63 85 3693
118 81 3419
91 111 614
22 107 1714
72 84 2184
110 21 782
25 14 2269
86 59 3749
90 21 2843
98 49 4224
14 6 2106
87 25 755
70 95 1369
81 46 4527
38 25 4846
124 61 142
8 79 3574
32 111 232
119 108 918
95 83 967
13 31 2253
87 88 3533
33 42 2479
64 12 230
108 60 3262
45 81 494
56 92 2436
100 113 1709
86 74 3022
47 116 4668
29 0 3723
2 53 3046
28 101 536
39 95 3203
78 96 2356
0 38 4482
69 78 418
12 114 681
60 62 882
91 124 2661
104 50 1544
47 122 1469
118 107 581
117 44 1498
82 48 811
96 4 3328
117 64 2395
27 46 4321
2 17 72
9 111 2345
2 64 1186
32 57 1196
53 115 3957
93 123 362
2 119 463
110 36 4135
122 95 278
79 59 1131
22 74 4395
59 63 2010
108 80 4356
49 7 1162
60 70 4384
30 98 2201
87 90 765
84 29 3938
12 59 1725
124 101 4860
93 79 2725
101 52 2398
85 24 2260
80 123 3330
69 74 3493
118 71 4118
94 28 2009
27 119 4762
52 106 4714
11 113 257
4 26 949
122 121 4762
54 110 465
69 86 2611
101 10 155
50 85 2332
7 19 1760
90 27 4842
23 44 289
41 25 2494
12 61 2144
106 8 1852
0 23 3619
62 53 2617
7 73 1889
93 0 2507
98 36 2892
47 88 541
115 89 1261
124 123 4389
28 96 4358
73 58 3723
89 62 1081
51 27 3989
18 95 483
123 29 995
112 19 1033
50 104 3822
1 56 1795
95 1 1063
86 98 1107
3 57 4929
120 118 729
109 6 3712
95 66 1086
33 43 3852
16 21 2969
73 1 256
67 37 2387
99 65 1126
12 88 4627
98 71 4560
55 47 1636
84 33 1873
99 118 2613
98 43 2419
32 87 107
2 61 24
75 8 901
96 2 2762
117 15 4838
68 14 4514
39 4 1502
114 79 4633
48 93 1881
49 116 3525
65 66 1581
77 4 3411
95 45 4387
87 16 1654
74 61 796
44 98 130
78 119 2053
8 43 4992
80 3 1909
109 116 4162
11 87 2832
22 0 1859
91 5 802
24 111 4175
24 14 2022
109 102 792
69 87 4564
38 82 3708
106 54 4363
124 94 1819
94 38 4682
25 119 749
20 82 2196
49 16 1560
5 104 1684
7 12 2735
88 66 3087
108 20 1577
27 96 935
50 69 23
106 87 1581
106 40 3094
56 78 1747
48 72 3985
50 83 709
80 94 1094
92 121 835
67 84 2067
58 80 1858
82 33 4654
14 59 2556
23 55 1401
86 114 2455
50 111 368
103 93 1337
100 80 4746
111 42 2929
118 22 4207
93 21 237
11 95 4450
47 53 4556
51 22 256
35 10 169
32 45 4554
51 30 186
37 86 4379
11 89 3096
111 9 2701
100 86 4529
47 9 250
50 54 4705
79 4 1541
2 81 3252
10 61 3040
105 39 1132
15 91 4494
63 74 1845
80 121 2495
20 22 2472
24 63 4497
16 68 4208
78 119 844
108 7 315
35 74 1316
105 41 2474
45 27 2755
1 18 3219
4 71 1840
3 121 683
98 54 4459
57 67 2972
111 16 3059
118 113 3377
33 52 4857
55 2 386
7 30 3831
25 62 3350
10 71 608
18 31 345
91 17 4428
30 90 4076
99 38 2613
52 1 3594
52 37 2282
6 20 4976
61 17 2500
7 5 3936
5 84 2313
29 15 3804
85 72 1383
119 6 2771
49 84 956
81 116 32
90 91 4816
116 14 1260
8 115 2628
76 89 3499
81 123 4805
45 76 1602
70 86 2314
11 16 1405
34 54 1195
93 120 915
33 115 2479
65 110 4448
59 93 3471
77 66 382
98 89 4495
31 91 4808
113 58 97
111 73 4296
37 17 819
10 95 4104
122 54 4850
110 49 4356
55 1 2326
98 114 911
107 16 1632
124 64 2248
28 120 2115
26 2 2290
94 5 2391
123 57 4765
32 106 2502
107 109 3570
10 31 2779
6 108 511
120 71 1888
23 75 1904
122 60 1404
21 37 373
86 55 3935
32 43 1759
45 79 2857
47 111 98
9 28 2413
100 53 2787
86 15 3584
71 67 1708
81 18 1672
83 30 456
21 104 1485
71 91 3164
58 33 2610
52 21 3917
12 121 1625
23 1 782
20 50 3202
1 17 2994
91 117 1086
124 61 1043
35 118 1940
45 62 2166
38 27 864
2 100 1293
49 51 3868
69 55 677
8 93 806
104 120 3842
48 96 1785
50 36 2690
14 59 385
45 112 2692
75 68 4224
10 104 4489
10 119 2836
13 7 3903
51 24 3702
83 79 3640
35 73 94
68 112 4652
43 62 1938
117 108 2269
59 107 4436
106 33 4749
96 44 3371
27 58 2514
44 70 1171
62 11 2633
102 83 2886
59 94 2008
80 63 836
102 37 2649
99 109 2659
46 107 2994
62 116 1249
80 104 92
54 93 1241
62 66 1683
13 118 2151
92 99 4919
19 83 3998
48 69 2785
47 20 1453
44 110 2152
51 35 2148
81 82 651
34 115 4388
69 67 836
79 94 17
74 13 3111
28 108 1999
17 105 1007
41 18 3855
29 123 1
82 24 4638
69 65 275
91 18 1731
61 67 4753
25 64 4662
62 46 2868
120 5 1337
5 12 979
56 27 3580
63 105 1747
82 100 3607
9 29 4030
25 96 838
96 118 4778
18 70 842
29 74 984
42 79 2595
77 8 3044
111 2 2903
79 121 1264
3 116 1068
26 17 3029
16 37 2462
39 108 1529
29 37 1996
114 58 1175
42 55 3524
28 119 3094
88 30 3104
110 70 1961
122 124 3333
12 34 2667
49 50 3446
78 85 2874
19 23 3539
9 39 4260
29 22 133
109 88 4423
111 62 2465
80 89 226
96 28 2383
25 17 4802
17 112 142
90 85 3477
76 71 2405
25 85 2767
58 63 2232
0 70 4320
68 98 3791
99 42 3135
20 110 2533
15 4 3403
99 59 1426
82 87 1524
118 86 395
3 67 2079
46 3 1643
57 74 3933
57 93 3593
109 57 1476
19 8 460
118 61 2691
92 124 2990
54 6 910
101 110 1308
47 86 4188
53 56 1680
60 11 1449
20 48 900
116 122 16
71 51 2720
30 4 1345
56 57 2128
111 78 2818
71 39 4908
48 63 2550
90 32 1139
79 6 2768
90 48 4037
36 97 4295
120 117 1770
25 108 874
23 17 1403
123 120 2213
5 17 1351
16 88 230
99 116 1755
19 57 1079
4 29 107
63 5 1776
110 16 1037
14 69 3420
42 14 1732
81 74 3046
46 100 4919
57 122 3647
91 10 1041
104 100 2584
70 26 2941
24 109 4702
45 88 3921
70 30 2281
106 44 217
100 121 2500
109 10 2737
104 26 1187
87 109 3540
116 107 3212
49 1 3098
92 18 2347
86 106 2764
113 59 759
107 78 1874
29 57 2028
34 110 479
8 72 4450
62 80 2746
43 79 2719
14 55 1831
85 40 1265
62 109 2744
90 76 595
60 123 903
69 22 1056
5 22 3023
28 34 4280
98 122 3181
122 124 1451
102 59 2052
88 97 1690
8 12 2848
106 17 4674
111 67 378
33 91 2915
82 26 2197
86 19 2370
67 63 2897
72 36 4881
13 82 1804
4 78 1778
36 123 3586
64 13 1809
26 123 1105
116 98 611
0 114 4998
94 82 427
98 77 208
44 31 4883
103 56 1016
73 14 384
29 65 833
80 44 1131
116 26 1249
74 51 3993
107 104 588
78 103 2638
79 8 395
7 43 2105
124 8 1959
111 65 668
86 98 1216
69 112 228
26 51 486
50 124 927
20 6 4267
111 83 4913
42 46 386
19 16 468
58 33 4191
7 66 2373
74 57 4861
83 2 3918
73 112 2952
120 82 3298
46 55 2557
35 16 1728
118 25 3655
45 33 4567
123 36 1440
68 103 2825
109 83 2658
122 25 313
97 93 3159
25 15 2667
70 91 3515
63 7 4641
24 54 3006
112 31 2910
1 51 4400
11 113 607
97 5 3083
123 14 2706
3 110 4692
107 5 2391
70 8 3174
27 66 444
109 53 2540
57 32 3938
34 85 4160
78 40 2194
83 9 84
93 70 1720
52 102 710
56 12 665
51 66 1355
36 84 2556
7 36 3616
66 106 2542
24 69 3188
87 12 408
20 11 2430
11 85 1859
10 69 3383
41 9 3441
58 123 3163
118 41 2451
111 15 809
74 41 3749
49 101 3477
2 34 2585
92 115 2222
97 35 242
35 41 2738
75 7 2982
96 52 2786
120 123 4885
103 90 3921
15 99 249
113 52 638
38 11 4706
25 70 1038
48 69 3110
32 90 2381
48 0 1511
98 59 933
70 102 4993
64 116 3433
103 14 4187
104 28 2626
33 31 652
112 108 4186
86 4 2325
91 119 66
72 65 3350
83 16 1703
123 13 4199
111 74 947
35 102 3090
98 19 2029
92 119 3760
101 16 4530
20 100 3283
82 84 678
110 4 1417
52 69 2948
31 14 534
24 62 2004
1 43 3287
35 122 3847
80 3 2008
16 108 2775
90 60 1002
14 83 4458
65 29 137
21 10 4499
57 7 2197
91 7 2274
14 111 2969
47 106 909
76 92 2702
49 117 2263
19 39 4385
80 70 1472
45 43 23
68 19 1399
93 39 4812
11 29 1443
117 73 2438
50 108 2681
4 46 4774
65 11 1222
112 31 4985
124 106 53
62 121 4860
68 74 2293
62 8 525
39 71 4594
73 66 3294
39 47 4932
80 85 1064
121 81 3195
67 97 3271
65 32 1424
113 74 3476
71 75 3671
83 29 2765
110 49 1666
85 2 377
41 57 2543
124 112 927
98 13 4047
65 89 153
64 40 4889
49 37 4512
124 8 484
82 16 162
96 56 3365
44 47 1777
73 68 3563
40 104 2776
51 71 3504
97 23 4336
100 120 3679
56 41 3775
16 55 2950
74 13 146
61 24 4155
106 70 3841
38 46 4490
48 59 3532
75 97 3225
41 67 1946
2 107 2138
40 25 3350
84 39 3642
103 118 4353
72 1 634
85 16 1081
84 83 3803
79 55 4034
115 3 3784
63 65 494
47 0 2442
41 25 259
27 113 4568
63 110 1922
56 70 3010
58 24 1893
31 97 4809
121 118 712
39 110 1491
50 47 405
41 66 3487
110 22 3271
71 25 573
35 89 491
108 18 3107
12 56 3205
99 6 3727
38 98 1554
109 32 1497
89 65 1507
39 47 4435
94 90 176
98 97 4704
41 74 443
108 14 837
55 16 4503
113 96 4352
107 1 1238
56 89 4229
108 1 2636
38 108 639
52 101 1930
82 50 2401
102 17 1136
113 90 1156
38 66 2610
80 100 550
30 39 1981
56 88 4456
52 21 1760
41 32 3056
81 70 3194
102 12 2833
71 62 4104
85 32 3864
56 66 1121
26 74 4514
83 78 4950
52 26 4838
15 22 3680
78 52 856
77 5 1339
93 37 896
70 105 3727
110 56 1366
16 59 3811
54 28 2538
25 77 4360
29 25 1764
55 75 914
124 103 30
72 112 45
80 105 1027
99 34 3007
94 71 1462
98 57 1429
105 52 2389
42 19 3480
44 107 2504
124 98 1425
32 40 2779
68 30 2423
73 58 2058
43 41 670
45 63 334
88 100 1309
16 77 2246
0 104 402
52 101 1698
81 109 1581
112 42 620
73 80 1972
87 28 356
108 86 1502
66 109 4076
72 115 3575
69 97 1808
87 118 1895
0 119 4884
39 14 868
105 31 1608
35 117 176
26 52 3974
68 13 1819
67 106 2723
116 18 4993
3 61 1057
55 101 619
112 108 885
110 32 2725
0 28 2463
14 94 1518
71 39 3935
124 12 3165
123 111 2936
105 4 1972
94 117 3172
33 78 3986
110 24 2471
71 96 2658
46 47 3177
20 25 4234
57 105 3364
68 54 3787
44 67 1916
4 30 2124
67 90 2937
14 37 279
83 123 3569
93 38 1485
45 13 2914
97 102 762
14 38 4977
118 100 261
1 84 3391
109 29 4664
3 20 1308
90 104 1477
36 4 2588
30 3 4487
78 99 3601
30 56 2596
24 81 4762
8 27 4333
96 24 3699
82 105 3922
83 70 71
20 70 514
72 26 1031
18 59 4307
93 114 13
88 75 2728
38 33 1108